0.5,72 0.5,72 0.5,71 0.5,71 0.5,67 0.5,60 2,69 3,0
0.5,72 0.5,72 0.5,71 0.5,71 0.5,67 0.5,60 2,67 3,0
0.5,72 0.5,72 0.5,71 0.5,71 0.5,72 0.5,74 3,74 2,0
0.5,72 0.5,72 0.5,71 0.5,71 0.5,72 0.5,74 1.5,74 0.5,72 2,76 1,0
0.5,72 0.5,72 0.5,74 0.5,72 0.5,74 0.5,72 4,69 1,0
0.5,72 0.5,72 0.5,74 0.5,72 0.5,74 0.5,72 3,79
0.5,76 1,74 1.5,72
0.5,72 0.5,72 0.5,72 0.25,72 0.25,74 2,74 3,0
0.5,72 0.5,72 0.5,71 0.5,72 0.5,74 0.5,72
0.5,77 0.5,76 0.5,77 0.5,76 0.5,77 0.5,76 0.5,77 0.5,76 0.5,77 1.5,79
0.5,76 0.5,77 0.5,79 0.5,72 1,81
0.5,72 0.5,71 0.5,69 0.5,71 0.5,72 0.5,81 1,79 1,0
0.5,74 0.5,76 0.5,77 0.5,76 1,79 0.5,71 0.5,69 0.5,67 0.5,69 0.5,71 0.5,79 1,76 2,0
0.5,74 0.5,76 0.5,77 0.5,76 0.5,77 0.5,76 1,77
0.5,74 0.5,76 0.5,77 0.5,76 0.5,77 0.5,76 0.5,77 1,79 3.5,76 3,0
0.5,76 0.5,77 0.5,79 0.5,72 1,81 0.5,72 0.5,71 0.5,69 0.5,71 0.5,72 0.5,83 1,79 1,0
0.5,74 0.5,76 0.5,77 0.5,76 1,79 0.5,79 0.5,76 0.5,79 0.5,76 0.25,79 0.75,81 1,76
0.5,76 0.5,76 0.5,74 0.5,74 0.5,76 0.5,77 3,77 2,0
0.5,72 0.5,72 0.5,71 0.5,71 0.5,72 0.5,74 1.5,74 0.5,72 2,72 1,0
0.5,72 0.5,72 0.5,71 0.5,71 0.5,67 0.5,60 2,69 3,0
0.5,72 0.5,72 0.5,71 0.5,71 0.5,67 0.5,60 2,67 3,0
0.5,72 0.5,72 0.5,71 0.5,71 0.5,72 0.5,74 3,74 2,0
0.5,72 0.5,72 0.5,71 0.5,71 0.5,72 0.5,74 1.5,74 0.5,72 2,76 1,0
0.5,72 0.5,72 0.5,74 0.5,72 0.5,74 0.5,72 4,69 1,0
0.5,72 0.5,72 0.5,74 0.5,72 0.5,74 0.5,72 3,79
0.5,76 1,74 1.5,72
0.5,72 0.5,72 0.5,72 0.25,72 0.25,74 2,74 3,0
0.5,72 0.5,72 0.5,71 0.5,72 0.5,74 0.5,72
0.5,77 0.5,76 0.5,77 0.5,76 0.5,77 0.5,76 0.5,77 0.5,76 0.5,77 1.5,79
0.5,76 0.5,77 0.5,79 0.5,72 1,81
0.5,72 0.5,71 0.5,69 0.5,71 0.5,72 0.5,81 1,79 1,0
0.5,74 0.5,76 0.5,77 0.5,76 1,79
0.5,71 0.5,69 0.5,67 0.5,69 0.5,71 0.5,79 1,76 2,0
0.5,74 0.5,76 0.5,77 0.5,76 0.5,77 0.5,76 1,77
0.5,74 0.5,76 0.5,77 0.5,76 0.5,77 0.5,76 0.5,77 1,79 3.5,76 3,0
0.5,76 0.5,77 0.5,79 0.5,72 1,81
0.5,72 0.5,71 0.5,69 0.5,71 0.5,72 0.5,83 1,79 1,0
0.5,74 0.5,76 0.5,77 0.5,76 1,79
0.5,79 0.5,76 0.5,79 0.5,76 0.25,79 0.75,81 1,76
0.5,76 0.5,76 0.5,74 0.5,74 0.5,76 0.5,77 3,77 2,0
0.5,72 0.5,72 0.5,71 0.5,71 0.5,72 0.5,74 1.5,74 0.5,72 2,72 2,0
0.5,76 0.5,77 0.5,79 0.5,72 1,81
0.5,72 0.5,71 0.5,69 0.5,71 0.5,72 0.5,81 1,79 0.5,0
0.5,74 0.5,76 0.5,77 0.5,76 1,79 0.5,71 0.5,69 0.5,67 0.5,69 0.5,71 0.5,79 1,76 1.7,0
0.5,74 0.5,76 0.5,77 0.5,76 0.5,77 0.5,76 1,77
0.5,74 0.5,76 0.5,77 0.5,76 0.5,77 0.5,76 0.5,77 1,79 3.5,76 3,0
0.5,76 0.5,77 0.5,79 0.5,72 1,81 0.5,72 0.5,71 0.5,69 0.5,71 0.5,72 0.5,83 1,79 1,0
0.5,74 0.5,76 0.5,77 0.5,76 1,79 0.5,79 0.5,76 0.5,79 0.5,76 0.25,79 0.75,81 1,76
0.5,76 0.5,76 0.5,74 0.5,74 0.5,76 0.5,77 3,77 2,0
0.5,72 0.5,72 0.5,71 0.5,71 1.5,0 0.5,72 0.5,74 1.5,74 0.5,72 2,72 1,0
0.5,74 0.5,76 0.5,77 3,77 2,0
0.5,72 0.5,72 0.5,71 0.5,71 0.5,72 0.5,74 2,0 1.5,74 0.5,72 2,72
