0.5,71 0.5,73 0.5,73 0.5,71 0.5,73 0.5,75 0.5,75 1,75 1.5,73 2,0
0.5,75 0.5,73 0.5,71 0.5,70 1.5,70 2.5,71 2,0
0.5,66 0.5,68 0.5,71 0.5,68 0.5,71 0.5,73 0.5,75 1.5,73 0.5,0
0.5,68 0.5,71 0.5,73 0.5,75 1.5,73 1,0
0.5,71 0.5,71 0.5,71 0.5,71 0.5,71 1,73 2.5,66 0.5,0
0.5,75 0.5,73 0.5,71 0.5,73 0.5,75 0.5,78 0.5,75 2,73 2.5,0
0.5,66 0.5,73 0.5,66 0.5,71 0.5,71 0.5,73 1.5,71 3,0
0.5,75 0.5,73 0.5,73 0.5,71 1.5,73 1.5,75 0.5,68 2.5,73
0.5,75 0.5,73 0.5,73 0.5,71 1.5,73 1.5,75 0.75,80 2.25,78
0.5,83 0.5,83 0.5,82 0.5,78 0.5,73 0.5,73 0.5,78 1,75 1.5,73 2,0
0.5,75 0.5,73 0.5,73 0.5,71 0.5,73 0.5,75 0.5,68 1.5,71 3,0
0.5,75 0.5,73 0.5,73 0.5,71 0.5,73 0.5,75 0.5,68 1.5,73 0.5,0
0.5,68 0.5,73 0.5,75 0.5,68 1.5,73 0.5,0
0.5,66 0.5,75 0.5,73 0.5,75 0.5,73 0.5,75 0.5,73 0.5,75 1,78 1.5,78
0.5,83 0.5,83 0.5,82 0.5,78 0.5,73 0.5,75 0.5,78 1,75 1.5,73 2,0
0.5,75 0.5,73 0.5,73 0.5,71 0.5,73 0.5,75 0.5,78 1.5,71 3,0
0.5,75 0.5,73 0.5,73 0.5,71 1.5,73 1.5,75 0.5,68 2.5,73
0.5,75 0.5,73 0.5,73 0.5,71 1,73 0.5,75 1.5,75 0.5,80 0.5,78 3,78 3.5,0
0.5,75 0.5,73 0.5,71 0.5,73 0.5,75 0.5,78 0.5,75 2,73 2.5,0
0.5,66 0.5,73 0.5,66 0.5,71 0.5,71 0.5,73 1.5,71 3,0
0.5,75 0.5,73 0.5,73 0.5,71 1.5,73 1.5,75 0.5,68 2.5,73
0.5,75 0.5,73 0.5,73 0.5,71 1.5,73 1.5,75 0.75,80 2.25,78
1,83 1,82 0.5,73 0.5,73 0.5,78 1,75 1.5,73 2,0
0.5,75 0.5,73 0.5,73 0.5,71 0.5,73 0.5,75 0.5,78 1.5,71 3,0
0.5,75 0.5,73 0.5,73 0.5,71 0.5,73 0.5,75 0.5,68 1.5,73 0.5,0
0.5,68 0.5,73 0.5,75 0.5,68 1.5,73 0.5,0
0.5,66 0.5,75 0.5,73 0.5,75 0.5,73 0.5,75 0.5,73 0.5,75 1,78 1.5,78
0.5,83 0.5,83 0.5,82 0.5,78 0.5,73 0.5,75 0.5,78 1,75 1.5,73 2,0
0.5,75 0.5,73 0.5,73 0.5,71 0.5,73 0.5,75 0.5,78 1.5,71 3,0
0.5,75 0.5,73 0.5,73 0.5,71 1.5,73 1.5,75 0.75,78 2.25,73
0.5,75 0.5,73 0.5,73 0.5,71 1,73 0.5,75 1.5,75 0.5,80 0.5,78 1,78
0.5,66 0.5,66 0.75,75 1.25,73 0.75,73 3.25,71
