0.5,66 0.5,75 0.5,73 0.5,75 0.25,78 1.75,73 0.25,66 0.25,66 0.5,68 0.25,71 0.5,71 0.25,68 1.5,66 0.5,0
0.5,71 0.5,75 0.5,73 0.5,75 0.25,80 0.5,78 0.75,75 0.5,0 0.25,75 0.25,75 0.5,76 0.25,75 0.5,73 0.25,71 0.25,75 1.25,73 0.5,0
0.5,66 0.5,75 0.5,73 0.5,75 0.25,78 1.25,73 0.5,0 0.25,66 0.25,66 0.5,68 0.25,71 0.5,71 0.5,68 1.25,66 0.5,0
0.25,71 0.25,73 0.5,75 0.5,73 0.5,75 0.25,80 0.5,78 0.75,75 0.5,0 0.25,75 0.25,75 0.5,76 0.25,75 0.5,73 0.25,71 2.5,71 1,0
0.5,68 0.5,71 2.5,78 0.5,76 0.5,75 0.5,73 0.5,73 0.5,71 0.5,70 1.5,71
0.5,68 0.5,71 1,78 0.5,0 0.25,80 0.75,78 0.25,76 0.5,75 0.25,73 2.5,75 0.75,0
0.5,68 0.5,68 1.5,80 0.5,82 0.5,83 0.5,82 0.5,80 0.25,77 1.25,78 0.5,0
0.5,80 0.5,81 0.5,80 0.5,78 0.5,76 0.5,75 0.25,71 1.25,71 1,0 0.5,68 0.5,71 1.25,80 0.25,79 0.25,80 1.25,82
0.5,75 0.5,75 0.5,83 0.5,82 0.5,83 0.25,82 0.75,83 0.5,82 0.5,80 0.5,78 0.5,80 0.25,87 1.25,87 0.25,0
0.5,82 0.25,83 0.33,85 0.33,82 0.33,80 0.5,80 0.25,78 1.25,78 1,0
0.33,75 0.33,76 0.33,78 0.5,78 0.5,76 0.5,76 0.25,80 0.5,78 0.25,75 0.25,73 0.75,71
0.25,68 0.25,71 0.5,78 0.5,76 0.5,76 0.25,80 0.75,80 0.5,79 0.5,80 0.5,82
0.5,83 0.5,82 0.5,83 0.25,82 0.75,83 0.5,82 0.5,80 0.5,78 0.5,80 0.25,87 1.25,87 0.25,0
0.5,82 0.25,83 0.5,85 0.25,82 0.25,80 0.5,80 0.5,78 0.5,78 0.25,85 1.25,83
0.33,75 0.33,76 0.33,78 0.5,78 0.5,76 0.5,76 0.5,78 1,75 0.75,73 3.25,71
0.5,66 0.5,75 0.5,73 0.5,75 0.25,78 1.75,73 0.25,66 0.25,66 0.5,68 0.25,71 0.5,71 0.25,68 1.5,66 0.5,0
0.25,71 0.25,73 0.5,75 0.5,73 0.5,75 0.25,80 0.5,78 0.75,75 0.5,0 0.25,75 0.25,75 0.5,76 0.25,75 0.5,73 0.25,71 0.25,75 1.25,73 0.5,0
0.5,66 0.5,75 0.5,73 0.5,75 0.25,78 1.25,73 0.5,0 0.25,66 0.25,66 0.5,68 0.25,71 0.5,71 0.5,68 1.25,66 0.5,0
0.25,71 0.25,73 0.5,75 0.5,73 0.5,75 0.25,80 0.5,78 0.75,75 0.5,0 0.25,75 0.25,75 0.5,76 0.25,75 0.5,73 0.25,71 2.5,71 1,0
0.5,68 0.5,71 2.5,78 0.5,76 0.5,75 0.5,73 0.5,73 0.5,71 0.5,70 1.5,71
0.5,68 0.5,71 1,78 0.5,0 0.25,80 0.75,78 0.25,76 0.5,75 0.25,73 2.5,75 1,0
0.5,68 0.5,68 1.5,80 0.5,82 0.5,83 0.5,82 0.5,80 0.25,77 1.25,78 0.5,0
0.5,80 0.5,81 0.5,80 0.5,78 0.5,76 0.5,75 0.25,71 1.25,71 1,0 0.5,68 0.5,71 1.25,80 0.25,79 0.25,80 1.25,82
0.5,75 0.5,75 0.5,83 0.5,82 0.5,83 0.25,82 0.75,83 0.5,82 0.5,80 0.5,78 0.5,80 0.25,87 1.25,87 0.25,0
0.5,82 0.25,83 0.33,85 0.33,82 0.33,80 0.5,80 0.25,78 1.25,78 1,0
0.33,75 0.33,76 0.33,78 0.5,78 0.5,76 0.5,76 0.25,80 0.5,78 0.25,75 0.25,73 0.75,71
0.25,68 0.25,71 0.5,78 0.5,76 0.5,76 0.25,80 0.75,80 0.5,79 0.5,80 0.5,82
0.5,83 0.5,82 0.5,83 0.25,82 0.75,83 0.5,82 0.5,80 0.5,78 0.5,80 0.25,87 1.25,87 0.25,0
0.5,82 0.25,83 0.5,85 0.25,82 0.25,80 0.5,80 0.5,78 0.5,78 0.25,85 1.25,83
0.33,75 0.33,76 0.33,78 0.5,78 0.5,76 0.5,76 0.5,78 1,75 0.75,73 2.25,71 1.5,0
0.5,71 0.5,80 0.5,80 0.5,80 0.25,83 0.75,82 0.25,83 0.75,85 0.25,82 0.75,78 0.5,78 0.5,75 0.25,78 1.25,80 0.5,0
0.5,75 0.5,76 0.5,75 0.5,71 0.25,73 0.75,76 0.5,75 0.5,73 0.5,71 0.5,73 0.25,71 0.5,73 0.25,78 1.5,75
0.5,71 0.5,71 0.5,80 0.25,80 0.75,80 0.5,83 0.5,82 0.25,83 0.75,85 0.5,82 0.5,78 0.25,78 0.5,85 0.25,82 1.5,83
0.5,80 0.5,82 0.5,83 0.25,83 0.5,83 0.25,82 0.5,83 0.5,0 0.5,80 0.5,82 0.5,83 1.5,83 0.25,85 4.25,85 1,0
0.5,75 0.5,75 0.5,83 0.5,82 0.5,83 0.25,82 0.75,83 0.5,82 0.5,80 0.5,78 0.5,80 0.25,87 1.25,87 0.25,0
0.5,82 0.25,83 0.33,85 0.33,82 0.33,80 0.5,80 0.25,78 1.25,78 1,0
0.33,75 0.33,76 0.33,78 0.5,78 0.5,76 0.5,76 0.25,80 0.5,78 0.25,75 0.25,73 0.75,71
0.25,68 0.25,71 0.5,78 0.5,76 0.5,76 0.25,80 0.75,80 0.5,79 0.5,80 0.5,82
0.5,83 0.5,82 0.5,83 0.25,82 0.75,83 0.5,82 0.5,80 0.5,78 0.5,80 0.25,87 1.25,87 0.25,0
0.5,82 0.25,83 0.33,85 0.33,82 0.33,80 0.5,80 0.25,78 1.25,78 1,0
0.33,75 0.33,76 0.33,78 0.5,78 0.5,76 0.5,76 0.25,80 0.5,78 0.25,75 0.25,73 0.75,71
0.25,68 0.25,71 0.5,78 0.5,76 0.5,76 0.25,80 0.75,80 0.5,79 0.5,80 0.5,82
0.5,83 0.5,82 0.5,83 0.25,82 0.75,83 0.5,82 0.5,80 0.5,78 0.5,80 0.25,87 1.25,87 0.25,0
0.5,82 0.25,83 0.5,85 0.25,82 0.25,80 0.5,80 0.5,78 0.5,78 0.25,85 1.25,83
0.33,75 0.33,76 0.33,78 0.5,78 0.5,76 0.5,76 0.25,80 0.5,78 0.25,71 0.5,71 0.5,0 0.25,68 0.25,71 0.5,78 0.5,76 0.5,76 0.25,80 0.5,78 0.25,83 0.5,83 0.5,0
0.25,71 0.25,73 0.75,76 0.5,75 0.75,76 0.25,78 1,75 3.25,73 1.5,0 0.75,71 0.25,70 3.25,71
