0.25,71 0.25,67 0.25,71 0.25,71 0.25,67 0.25,71 1,69 0.5,71 0.5,69 0.25,67 1.75,64 1.5,0
0.25,74 0.25,74 0.5,76 0.25,74 0.5,76 0.75,74 0.5,0 0.5,69 0.5,69 1,74 0.25,74 1.25,71 2.5,0
0.25,71 0.25,71 0.5,71 0.25,64 0.5,71 0.75,69 0.5,71 0.25,69 0.5,67 2.75,64 0.5,0
0.25,69 0.25,69 0.5,71 0.25,69 0.25,67 0.25,69 0.75,67 0.75,0
0.25,62 0.5,69 0.25,67 0.25,67 0.25,69 1.75,67 1.5,0
0.25,74 0.25,74 1,79 0.5,0 0.25,79 0.25,79 0.5,81 0.5,76 0.5,0
0.25,76 0.25,76 0.5,83 0.5,78 0.5,78 0.25,76 0.5,76 0.25,74 0.5,76 0.5,0
0.25,76 0.25,74 0.5,76 0.25,74 1,79
0.25,79 0.25,79 0.5,81 0.25,81 0.5,81 0.5,83 0.5,0 0.25,74 1.25,71 1.5,0
0.25,74 0.25,74 1,79 0.25,79 0.5,76 0.25,76 0.5,81 0.25,81
0.25,76 0.5,76 0.5,76 0.5,83 0.5,78 0.5,78 0.25,76 0.5,74 0.75,76 0.5,0
0.25,76 0.25,74 0.5,76 0.25,74 0.5,79 0.5,76 0.75,76 0.25,0 0.5,69 0.25,69 4,67 0.5,0
0.25,71 0.25,71 0.5,71 0.25,71 0.5,71 0.75,69 0.5,71 0.5,69 0.25,67 1.75,64 1.5,0
0.25,74 0.5,76 0.5,74 0.5,76 0.5,76 0.75,74 0.5,0 0.5,74 0.5,74 0.5,76 3.5,71 0.5,0
0.25,71 0.25,71 0.5,71 0.25,71 0.5,71 0.75,69
0.5,71 0.25,69 0.25,67 0.25,67 0.25,64 1.5,67 1.25,0
0.25,67 0.5,67 0.25,69 0.75,67 1.5,0 0.25,62 0.25,62 0.5,69 0.25,64 2.25,67
0.25,74 0.25,74 1,79 0.5,0 0.25,79 0.25,79 0.5,81 0.5,76 0.5,0
0.25,76 0.25,76 0.5,83 0.5,78 0.5,78 0.25,76 0.5,76 0.25,74 1,76
0.25,76 0.25,74 0.5,76 0.25,74 1,79
0.25,79 0.25,79 0.5,81 0.25,81 0.5,81 0.5,83 0.5,0 0.25,74 1.25,71 1.5,0
0.25,74 0.25,74 1,79 0.25,79 0.5,76 0.25,76 0.5,81 0.25,81
0.25,76 0.5,76 0.5,76 0.5,83 0.5,78 0.5,78 0.25,76 0.5,74 0.75,76 0.5,0
0.25,76 0.25,74 0.5,76 0.25,74 0.5,79 0.5,76 0.75,76 0.25,0 0.5,69 0.25,69 3,67 0.5,0
0.25,74 0.25,74 1,79 0.5,0 0.25,79 0.25,79 0.5,81 0.5,76 0.5,0
0.25,76 0.25,76 0.5,83 0.5,78 0.5,78 0.25,76 0.5,76 0.25,74 1,76
0.25,76 0.25,74 0.5,76 0.5,74 0.5,76 0.25,74 0.75,79 0.5,0 0.5,79 0.5,81 0.5,0 0.25,74 1.25,71 1.5,0
0.25,74 0.25,74 1,79 0.5,0 0.25,79 0.25,79 0.5,81 1,76
0.25,76 0.25,76 0.5,83 0.5,78 0.5,78 0.25,76 0.5,74 0.75,76 0.5,0
0.25,76 0.25,74 0.5,76 1.5,74 1.5,0 0.5,69 3.25,67 0.5,0
