0.5,65 0.5,74 0.5,74 0.5,72 1,74 0.5,74 0.5,72 1,74 0.5,74 0.5,72 1,74 1.5,69 7.5,0
0.5,65 0.5,74 0.5,74 0.5,72 1,74 0.5,74 0.5,72 1,74 0.5,74 0.5,72 1,74 1.5,69 4,0
0.5,74 0.5,77 0.5,74 1.5,77 0.5,70 1.5,70 0.25,74 0.25,72 1.5,72 1,0
0.5,74 0.5,77 0.5,74 1,77 1,69 1.5,69 0.5,65 1.5,70 1,0
0.5,74 0.5,77 0.5,74 1,77 1,70 1.5,70
0.5,67 1.5,72 0.5,70 1,72 0.5,70 0.5,72 1.5,74 5,0
0.5,74 0.5,77 0.5,74 1,77 1,70 1.5,70 0.5,72 1.5,72 1,0
0.5,81 0.5,81 0.5,81 1,81 1,77 1,77 1,72 1.5,74 1,0
0.5,74 0.5,77 0.5,74 1,77 1,70 1.5,70
0.5,65 1.5,72 0.5,70 1,72 0.5,70 0.5,69 1.5,67 5,0
1,70 1,72 0.5,74 0.5,70 0.5,72 0.5,74 0.5,0
0.5,70 0.5,77 1.5,77 0.5,77 1,74 0.5,72 1,70
0.5,70 0.5,67 0.5,69 0.5,70 0.5,0
0.5,67 0.5,74 1.5,74 0.5,74 1,69 0.5,67 1,65
0.5,70 0.5,67 0.5,69 0.5,70 0.5,0
0.5,65 0.5,79 1,77 0.5,77 0.5,74 0.5,70 0.5,0 0.5,72 0.5,74 1,67
0.5,74 0.5,74 0.5,74 0.5,74 0.5,72 0.5,70 2.5,74
1,70 1,72 0.5,74 0.5,70 0.5,72 0.5,74 0.5,0
0.5,70 0.5,77 1.5,77 0.5,77 1,74 0.5,72 1,70
0.5,70 0.5,67 0.5,69 0.5,70 0.5,0
0.5,67 0.5,74 1.5,74 0.5,72 1,74 0.5,77 1,70
0.5,70 0.5,67 0.5,69 0.5,70 0.5,0 0.5,65 0.5,79 1,77 1,81 0.5,82 0.5,0
0.5,77 0.5,74 0.25,70 1.25,67 0.5,74 1.5,67 0.5,69 1.5,70
0.5,65 0.5,74 0.5,74 0.5,72 1,74 0.5,74 0.5,72 1,74 0.5,74 0.5,72 1,74 1.5,69 7.5,0
0.5,65 0.5,74 0.5,74 0.5,72 1,74
0.5,74 0.5,72 1,74 0.5,74 0.5,72 1,74 1.5,69 4,0
0.5,74 0.5,77 0.5,74 1,77 1,70 1.5,70 0.5,72 1.5,72 1,0
0.5,81 0.5,81 0.5,81 1,81 1,77 1,77 1,72 1.5,74 1,0
0.5,74 0.5,77 0.5,74 1,77 1,70 1.5,70
0.5,65 1.5,72 0.5,70 1,72 0.5,70 0.5,69 1.5,67 5,0
1,70 1,72 0.5,74 0.5,70 0.5,72 0.5,74 0.5,0
0.5,70 0.5,77 1.5,77 0.5,77 1,74 0.5,72 1,70
0.5,70 0.5,67 0.5,69 0.5,70 0.5,0
0.5,67 0.5,74 1.5,74 0.5,74 1,69 0.5,67 1,65
0.5,70 0.5,67 0.5,69 0.5,70 0.5,0
0.5,65 0.5,79 1,77 0.5,77 0.5,74 0.5,70 0.5,0 0.5,72 0.5,74 1,67
0.5,74 0.5,74 0.5,74 0.5,74 0.5,72 0.5,70 2.5,74
1,70 1,72 0.5,74 0.5,70 0.5,72 0.5,74 0.5,0
0.5,70 0.5,77 1.5,77 0.5,77 1,74 0.5,72 1,70 0.5,70 0.5,67 0.5,69 0.5,70 0.5,0
0.5,67 0.5,74 1.5,74 0.5,72 1,74 0.5,77 1,70
0.5,70 0.5,67 0.5,69 0.5,70 0.5,0 0.5,65 0.5,79 1,77 1,81 0.5,82 0.5,0
0.5,77 0.5,74 0.25,70 1.25,67 0.5,74 1.5,67 0.5,69 1.5,70 2,0
0.5,74 1.5,67 0.5,70 1.5,69 2.75,0 0.5,70 1,70
