0.75,68 0.25,66 0.75,68 0.25,66 0.5,68 0.5,70 0.5,73 0.5,70
0.75,68 0.25,66 0.75,68 0.25,66 0.25,68 0.25,70 0.25,68 0.25,66 1,61
0.75,68 0.25,66 0.75,68 0.25,66 0.5,68 0.5,70 0.5,73 0.5,70
0.75,68 0.25,70 0.5,68 0.25,66 0.25,68 2,68
0.75,68 0.25,66 0.75,68 0.25,66 0.5,68 0.5,70 0.5,73 0.5,70
0.75,68 0.25,70 0.5,68 0.5,66 1,63
0.25,70 0.25,68 0.25,66 0.25,68 1,66
0.25,70 0.25,68 0.25,66 0.25,68 0.75,66
0.25,61 0.25,70 0.25,68 0.25,66 0.25,68 2,66
0.5,66 0.5,68 0.5,70 0.5,66 0.5,75 0.25,73 1,75
0.25,66 0.5,77 0.25,75 1.25,77
0.5,77 0.25,75 0.75,77 0.5,70 0.25,78 0.25,80 0.5,78 0.5,75
0.5,73 0.5,75 0.25,73 0.5,75 0.25,73 0.25,75 0.25,73
0.5,75 0.25,73 0.5,68 0.75,73 2,70
0.5,66 0.5,68 0.5,70 0.5,66 0.5,75 0.25,73 1,75
0.25,66 0.5,77 0.25,75 1.25,77
0.5,77 0.25,75 0.75,77 0.5,70 0.25,78 0.25,80 0.5,78 0.5,75
0.5,73 0.5,75 0.25,82 0.75,82
0.5,73 0.5,75 0.25,82 0.5,82 0.5,73 0.25,75 3,75
0.5,78 0.5,80 0.5,82 0.25,87 0.75,85 0.25,87 0.75,85 0.25,87 0.75,85 0.25,80
0.75,82 0.25,87 0.75,85 0.25,87 0.75,85 0.25,87 0.5,85 0.75,80
0.5,80 0.25,78 0.5,75 0.5,78
0.25,78 0.5,80 0.25,78 0.5,75
0.5,78 1.25,82 0.25,83 0.25,82 0.25,80 0.25,82 0.75,80
0.5,78 0.5,80 0.5,82 0.25,87 0.75,85 0.25,87 0.75,85 0.25,87 0.75,85
0.5,82 0.5,82 0.25,87 0.75,85 0.25,87 0.75,85 0.25,87 0.5,85
0.75,82 0.5,80 0.25,78 0.5,75
0.75,82 0.5,80 0.25,78 0.5,75 0.5,78 3.25,78
0.25,75 0.75,82 0.5,80 0.25,78 0.5,75
0.75,82 0.5,80 0.25,78 0.5,75 0.75,78 4,78
0.75,68 0.25,66 0.75,68 0.25,66 0.5,68 0.5,70 0.5,73 0.5,70
0.75,68 0.25,66 0.75,68 0.25,66 0.25,68 0.25,70 0.25,68 0.25,66 1,61
0.75,68 0.25,66 0.75,68 0.25,66 0.5,68 0.5,70 0.5,73 0.5,70
0.75,68 0.25,70 0.5,68 0.25,66 0.25,68 2,68
0.75,68 0.25,66 0.75,68 0.25,66 0.5,68 0.5,70 0.5,73 0.5,70
0.75,68 0.25,70 0.5,68 0.5,66 1,63
0.25,70 0.25,68 0.25,66 0.25,68 1,66
0.25,70 0.25,68 0.25,66 0.25,68 1,66
0.25,70 0.25,68 0.25,66 0.25,68 2,66
0.5,66 0.5,68 0.5,70 0.5,66 0.5,75 0.25,73 1,75
0.25,66 0.5,77 0.25,75 1.25,77
0.5,77 0.25,75 0.75,77 0.5,70 0.25,78 0.25,80 0.5,78 0.5,75
0.5,73 0.5,75 0.25,73 0.5,75 0.25,73 0.25,75 0.25,73
0.5,75 0.25,73 0.5,68 0.75,73 2,70
0.5,66 0.5,68 0.5,70 0.5,66 0.5,75 0.25,73 1,75
0.25,66 0.5,77 0.25,75 1.25,77
0.5,77 0.25,75 0.75,77 0.5,70 0.25,78 0.25,80 0.5,78 0.5,75
0.5,73 0.5,75 0.25,82 0.75,82
0.5,73 0.5,75 0.25,82 0.5,82 0.5,73 0.25,75 3,75
0.5,78 0.5,80 0.5,82 0.25,87 0.75,85 0.25,87 0.75,85 0.25,87 0.75,85 0.25,80
0.75,82 0.25,87 0.75,85 0.25,87 0.75,85 0.25,87 0.5,85 0.75,80
0.5,80 0.25,78 0.5,75 0.5,78
0.25,78 0.5,80 0.25,78 0.5,75
0.5,78 1.25,82 0.25,83 0.25,82 0.25,80 0.25,82 0.75,80
0.5,78 0.5,80 0.5,82 0.25,87 0.75,85 0.25,87 0.75,85 0.25,87 0.75,85
0.5,82 0.5,82 0.25,87 0.75,85 0.25,87 0.75,85 0.25,87 0.5,85
0.75,82 0.5,80 0.25,78 0.5,75
0.75,82 0.5,80 0.25,78 0.5,75 0.75,78 3.25,78
0.5,78 0.5,80 0.5,82 0.25,87 0.75,85 0.25,87 0.75,85 0.25,87 0.75,85 0.25,80
0.75,82 0.25,87 0.75,85 0.25,87 0.75,85 0.25,87 0.5,85 0.75,80
0.5,80 0.25,78 0.5,75 0.5,78
0.25,78 0.5,80 0.25,78 0.5,75
0.5,78 1.25,82 0.25,83 0.25,82 0.25,80 0.25,82 0.75,80
0.5,78 0.5,80 0.5,82 0.25,87 0.75,85 0.25,87 0.75,85 0.25,87 0.75,85 0.5,80
0.5,82 0.25,87 0.75,85 0.25,87 0.75,85 0.25,87 0.5,85 0.75,82
0.5,80 0.25,78 0.5,75 0.75,82
0.5,80 0.25,78 0.5,75 0.75,78 3,78
0.25,78 0.75,80 0.5,82 0.25,87 0.75,85 0.25,87 0.75,85 0.25,87 0.75,85
0.25,80 0.75,82 0.25,87 0.75,85 0.25,87 0.75,85 0.25,87 0.5,85
0.75,82 0.5,80 0.25,78 0.5,75
0.75,78 0.5,80 0.25,78 0.5,75
0.5,78 1.25,82 0.25,83 0.25,82 0.25,80 0.25,82 0.75,80
0.5,78 0.5,80 0.5,82 0.25,87 0.75,85 0.25,87 0.75,85 0.25,87 0.75,85
0.25,80 0.75,82 0.25,87 0.75,85 0.25,87 0.75,85 0.25,87 0.5,85 0.75,82
0.5,80 0.25,78 0.5,75 0.75,82
0.5,80 0.25,78 0.5,75 0.75,78 3,78
0.25,75 0.75,82 0.5,80 0.25,78 0.5,75
0.75,82 0.5,80 0.25,78 0.5,75 0.75,78 4,78
