0.5,60 0.5,65 0.5,65 0.5,67 0.5,67 0.5,69 0.5,72 0.5,69 0.5,69 1.5,72 0.5,0
0.5,72 0.5,72 0.5,65 0.5,65 0.5,67 1,67 0.5,65 1,67 2.5,69 2,0
0.5,60 0.5,65 0.5,65 0.5,67 0.5,67 0.5,69 0.5,72 0.5,69 0.5,69 1.5,72 0.5,0
0.5,72 0.5,74 0.5,72 0.5,72 0.5,72 0.5,72 0.5,72 0.5,69 2.5,67 2,0
2,74 0.5,74 0.5,76 0.5,77 1.5,76 0.5,72 1.5,72 0.5,0
0.5,72 0.5,74 0.5,72 0.5,72 0.5,72 1,72 0.5,65 1,67 2.5,69 1,0
2,74 0.5,74 0.5,76 0.5,77 1.5,76 0.5,72 1.5,72 0.5,0
0.5,72 0.5,74 0.5,72 0.5,72 0.5,72 1,74 0.5,77 2.5,79 0.5,0
0.5,65 0.5,69 0.5,72 0.5,77 0.5,77 0.5,77 0.5,77 0.5,77 0.5,76 0.5,76 0.5,74 0.5,74 0.5,72 0.25,72 0.25,69 0.5,69 0.5,0
0.5,65 0.5,69 0.5,72 0.5,74 0.5,74 0.5,74 0.5,74 0.5,74 0.5,72 0.5,72 1,72 1.5,69 0.5,0
0.5,65 0.5,69 0.5,72 0.5,77 0.5,77 0.5,77 0.5,77 0.5,77 0.5,76 0.5,76 0.5,74 0.5,72 0.5,74 0.5,76 1.5,77
0.5,69 1,67 0.5,65 0.5,65 0.5,67 0.5,69 0.5,72 0.5,69 2,67 0.5,0 1,69 0.5,62 0.5,67 0.5,65 2.5,65
0.5,60 0.5,65 0.5,65 1,67 0.5,69 0.5,72 0.5,69 0.5,69 1.5,72 0.5,0
0.5,72 0.5,72 0.5,65 0.5,65 0.5,67 1,67 0.5,65 1,67 2.5,69 2,0
0.5,60 0.5,65 0.5,65 1,67 0.5,69 0.5,72 0.5,69 0.5,69 1.5,72 0.5,0
0.5,72 0.5,74 0.5,72 0.5,72 0.5,72 1,72 0.5,69 2.5,67 2,0
2,74 0.5,74 0.5,76 0.5,77 1.5,76 0.5,79 1.5,72 0.5,0
0.5,72 0.5,74 0.5,72 0.5,72 0.5,72 1,72 0.5,69 1,72 2.5,69 1,0
2,74 0.5,74 0.5,76 0.5,77 1.5,76 0.5,79 1.5,81 0.5,0
0.5,79 0.5,79 0.5,77 0.5,77 0.5,74 1,72 0.5,69 2.5,67 0.5,0
0.5,65 0.5,69 0.5,72 0.5,77 0.5,77 0.5,77 0.5,77 0.5,77 0.5,76 0.5,76 0.5,74 0.5,74 0.5,72 0.25,72 0.25,69 0.5,69 0.5,0
0.5,65 0.5,69 0.5,72 0.5,74 0.5,74 0.5,74 0.5,74 0.5,74 0.5,72 0.5,72 1,72 1.5,69 0.5,0
0.5,65 0.5,69 0.5,72 0.5,77 0.5,77 0.5,77 0.5,77 0.5,77 0.5,76 0.5,76 0.5,74 0.5,72 0.5,74 0.5,76 1.5,77
0.5,69 1,67 0.5,65 0.5,65 0.5,67 0.5,69 0.5,72 0.5,69 2,67 0.5,0 1,69 0.5,62 0.5,67 0.5,65 2.5,65
0.5,65 0.5,69 0.5,72 0.5,77 0.5,77 0.5,77 0.5,77 0.5,77 0.5,76 0.5,76 0.5,74 0.5,74 0.5,72 0.25,72 0.25,69 0.5,69 0.5,0
0.5,65 0.5,69 0.5,72 0.5,74 0.5,74 0.5,74 0.5,74 0.5,74 0.5,72 0.5,72 1,72 1.5,69 0.5,0
0.5,65 0.5,69 0.5,72 0.5,77 0.5,77 0.5,77 0.5,77 0.5,77 0.5,76 0.5,76 0.5,74 0.5,72 0.5,74 0.5,76 1.5,77
0.5,69 1,67 0.5,65 0.5,65 0.5,67 0.5,69 0.5,72 0.5,69 2,67 0.5,0 1,69 1,62 0.5,67 0.5,65 1.5,65
