0.5,65 0.5,63 0.5,63 0.5,61 0.5,61 0.5,63 0.25,61 0.75,58 0.5,58 1.5,58 2,0 0.5,56 0.5,61 1,61 0.5,63 2.5,63 3,0
0.5,65 0.5,63 0.5,63 0.5,61 0.5,61 0.5,63 1,58 0.5,58 1,58 0.5,61 1,56 0.5,0 0.5,56 0.5,56 1,61 0.5,61 0.5,63 1,63 0.25,60 0.25,58 1,56 2,0
0.5,58 1,61 1.5,61 0.5,56 0.5,56 1,63 0.5,65 0.75,61 0.75,56 1,0
0.5,58 1,61 1.5,61 0.5,56 0.5,56 1,63 0.5,65 2.5,61
0.5,58 1,61 1,61 0.5,58 0.5,0 0.5,56 1,63 0.5,61 1,65 1,61 4.5,61 1.5,0
0.5,61 0.5,65 0.5,66 0.5,68 0.5,61 1,70 0.5,68 1,68 1,66 0.5,65 0.5,63 0.5,63 0.5,0
0.5,56 0.5,63 0.5,65 0.5,66 0.5,56 1,68 0.5,66 1,65 1,63 0.5,63 0.5,61 0.5,61 0.5,0
0.5,56 0.5,61 0.5,63 0.5,65 0.5,61 1,66 0.5,65 0.5,63 0.5,61 1.5,61
0.5,61 0.5,60 0.5,60 1,61 1.5,63 0.5,66 0.5,65 0.5,65 1,65 0.5,63 0.5,65 1.5,65 0.75,0
0.5,61 0.5,65 0.5,66 0.5,68 0.5,61 1,70 0.5,68 1,68 1,66 0.5,65 0.5,63 0.5,63 0.5,0
0.5,56 0.5,63 0.5,65 0.5,66 0.5,56 1,68 0.5,66 1,65 1,63 0.5,63 0.5,61 3.75,61
1,58 0.5,61 1.5,61 0.25,0 0.5,56 1,63 0.5,61 1,65 1,61 4.5,61 12,0
0.5,65 0.5,63 0.5,63 0.5,61 0.5,61 0.5,63 0.25,61 0.75,58 0.5,58 1.5,58 2,0 0.5,56 0.5,61 1,61 0.5,63 2.5,63 3,0
0.5,65 0.5,63 0.5,63 0.5,61 0.5,61 0.5,63 1,58 0.5,58 1,58 0.5,61 1,56 0.5,0 0.5,56 0.5,56 1,61 0.5,61 0.5,63 1,63 0.25,60 0.25,58 1,56 2,0
0.5,58 1,61 1.5,61 0.5,56 0.5,56 1,63 0.5,65 0.75,61 0.75,56 1,0
0.5,58 1,61 1.5,61 0.5,56 0.5,56 1,63 0.5,65 2.5,61
0.5,58 1,61 1,61 0.5,58 0.5,0 0.5,56 1,63 0.5,61 1,65 1,61 4.5,61 1.5,0
0.5,61 0.5,65 0.5,66 0.5,68 0.5,61 1,70 0.5,68 1,68 1,66 0.5,65 0.5,63 0.5,63 0.5,0
0.5,56 0.5,63 0.5,65 0.5,66 0.5,56 1,68 0.5,66 1,65 1,63 0.5,63 0.5,61 0.5,61 0.5,0
0.5,56 0.5,61 0.5,63 0.5,65 0.5,61 1,66 0.5,65 0.5,63 0.5,61 1.5,61
0.5,61 0.5,60 0.5,60 1,61 1.5,63 0.5,66 0.5,65 0.5,65 1,65 0.5,63 0.5,65 1.5,65 0.75,0
0.5,61 0.5,65 0.5,66 0.5,68 0.5,61 1,70 0.5,68 1,68 1,66 0.5,65 0.5,63 0.5,63 0.5,0
0.5,56 0.5,63 0.5,65 0.5,66 0.5,56 1,68 0.5,66 1,65 1,63 0.5,63 0.5,61 3.75,61
1,58 0.5,61 1.5,61 0.5,0 0.5,56 1,63 0.5,61 1,65 1,61 4.5,61
0.5,58 1,61 1.5,61 0.5,56 0.5,56 1,63 0.5,65 1,61 0.25,58 1.25,56 1.5,0 0.5,65 0.25,63 0.25,61 0.25,58 0.75,61 0.5,63 1,61 0.5,0
0.5,61 0.5,65 0.5,66 0.5,68 0.5,61 1,70 0.5,68 1,68 1,66 0.5,65 0.5,63 0.5,63 0.5,0
0.5,56 0.5,63 0.5,65 0.5,66 0.5,56 1,68 0.5,66 1,65 1,63 0.5,63 0.5,61 0.5,61 0.5,0
0.5,56 0.5,61 0.5,63 0.5,65 0.5,61 1,66 0.5,65 0.5,63 0.5,61 1.5,61
0.5,61 0.5,60 0.5,60 1,61 1.5,63 0.5,66 0.5,65 0.5,65 1,65 0.5,63 0.5,65 1.5,65 0.75,0
0.5,61 0.5,65 0.5,66 0.5,68 0.5,61 1,70 0.5,68 1,68 1,66 0.5,65 0.5,63 0.5,63 0.5,0
0.5,56 0.5,63 0.5,65 0.5,66 0.5,56 1,68 0.5,66 1,65 1,63 0.5,63 0.5,61 3.75,61
1,58 0.5,61 1.5,61 0.5,0 0.5,56 1,63 0.5,61 1,65 1,61 4.5,61
