0.25,58 0.25,60 0.25,61 0.25,58 0.25,60 0.25,61 0.25,58 0.25,60 0.5,61 0.25,0
0.25,61 0.25,63 0.25,61 0.25,60 0.25,58 0.5,56 0.25,56 0.75,56 0.25,58 1,60 1.25,0
0.25,58 0.25,60 0.25,61 0.25,58 0.25,60 0.25,61 0.25,58 0.25,60 0.5,61 0.25,0
0.25,61 0.25,63 0.25,61 0.25,60 0.25,58 0.5,56 0.25,56 0.75,56 0.5,63 2,65
0.5,66 0.25,65 0.25,66 0.25,0 0.25,58 0.25,58 0.25,65 0.75,65 0.75,63 0.5,0
0.5,65 0.25,63 0.25,65 0.25,0 0.25,56 0.25,56 0.25,63 0.75,63 0.75,61
0.25,58 0.25,60 0.25,61 0.75,61 0.25,61 0.5,60 0.25,58 0.75,60 1.25,60 0.5,56 1.5,53 6.25,0
0.25,58 0.25,60 0.25,61 0.25,58 0.25,60 0.25,61 0.25,58 0.25,60 0.5,61 0.25,0
0.25,61 0.25,63 0.25,61 0.25,60 0.25,58 0.5,56 0.25,56 0.75,56 0.5,58 1,60 1,0
0.25,58 0.25,60 0.25,61 0.25,58 0.25,60 0.25,61 0.25,58 0.25,60 0.5,61 0.25,0
0.25,61 0.25,63 0.25,61 0.25,60 0.25,58 0.5,60 1,60 0.5,68 2,65
0.5,66 0.25,65 0.25,66 0.25,0 0.25,58 0.25,58 0.25,65 0.75,65 0.25,63 0.75,0
0.25,56 0.5,65 0.25,63 0.25,65 0.5,0 0.25,56 0.25,63 0.75,63 0.75,61
0.25,58 0.25,60 0.25,61 0.25,61 0.5,61 0.25,0
0.25,60 0.25,58 0.5,60 0.25,60 0.75,60 0.5,58 0.5,56 2.5,58
0.25,58 0.25,60 0.25,61 0.25,63 1,65 1,58 0.5,66 0.25,65 1.25,63
0.25,63 0.25,63 0.25,63 0.25,63 0.5,68 0.5,70 0.5,65 0.25,63 1.25,61
1,61 1,54 0.5,63 0.25,61 0.75,60
0.25,58 0.25,60 0.5,61 0.25,61 0.5,63 0.25,61 0.25,63 1.25,65
0.25,58 0.25,60 0.25,61 0.25,63 1,65 1,58 0.5,66 0.25,65 1.25,63
0.25,63 0.25,63 0.25,63 0.25,63 0.5,68 0.5,70 0.5,65 0.25,63 1.25,61
1,61 1,54 0.5,60 0.25,61 0.75,63 0.5,61 0.5,60 0.5,61 3,58
0.25,58 0.25,60 0.25,61 0.25,58 0.25,60 0.25,61 0.25,58 0.25,60 0.5,61 0.25,0
0.25,61 0.25,63 0.25,61 0.25,60 0.25,58 0.5,56 0.25,56 0.75,56 0.5,58 1,60 1,0
0.25,58 0.25,60 0.25,61 0.25,58 0.25,60 0.25,61 0.25,58 0.25,60 0.5,61 0.25,0
0.25,61 0.25,63 0.25,61 0.25,60 0.25,58 0.5,56 0.25,56 0.75,56 0.5,63 2,65
0.5,66 0.25,65 0.25,66 0.25,0 0.25,58 0.25,58 0.25,65 0.75,65 0.75,63 0.5,0
0.5,65 0.25,63 0.25,65 0.25,0 0.25,56 0.25,56 0.25,63 0.75,63 0.75,61
0.25,58 0.25,60 0.25,61 0.75,61 0.25,61 0.5,60 0.25,58 0.75,60 1.25,60 0.5,56 1.5,53 2,0
0.25,58 0.25,60 0.25,61 0.25,58 0.25,60 0.25,61 0.25,58 0.25,60 0.5,61 0.25,0
0.25,61 0.25,63 0.25,61 0.25,60 0.25,58 0.5,56 0.25,56 0.75,56 0.5,58 1,60 1,0
0.25,58 0.25,60 0.25,61 0.25,58 0.25,60 0.25,61 0.25,58 0.25,60 0.5,61 0.25,0
0.25,61 0.25,63 0.25,61 0.25,60 0.25,58 0.5,60 1,60 0.5,68 2,65
0.5,66 0.25,65 0.25,66 0.5,0 0.25,58 0.25,65 0.75,65 0.25,63 0.75,0
0.25,56 0.5,65 0.25,63 0.25,65 0.5,0 0.25,56 0.25,63 0.75,63 0.75,61
0.25,58 0.25,60 0.25,61 0.25,61 0.5,61 0.5,0
0.25,60 0.25,58 0.5,60 0.25,60 0.75,60 0.5,58 0.5,56 2.5,58
0.25,58 0.25,60 0.25,61 0.25,63 1,65 1,58 0.5,66 0.25,65 1.25,63
0.25,63 0.25,63 0.25,63 0.25,63 0.5,68 0.5,70 0.5,65 0.25,63 1.25,61
1,61 1,54 0.5,63 0.25,61 0.75,60
0.25,58 0.25,60 0.5,61 0.25,61 0.5,63 0.25,61 0.25,63 1.25,65
0.25,58 0.25,60 0.25,61 0.25,63 1,65 1,58 0.5,66 0.25,65 1.25,63
0.25,63 0.25,63 0.25,63 0.25,63 0.5,68 0.5,70 0.5,65 0.25,63 1.25,61
1,61 1,54 0.5,60 0.25,61 0.75,63 0.5,61 0.5,60 0.5,61 2,58
0.25,58 0.25,60 0.25,61 0.25,63 1,65 1,58 0.5,66 0.25,65 1.25,63
0.25,63 0.25,63 0.25,63 0.25,63 0.5,68 0.5,70 0.5,65 0.25,63 1.25,61
1,61 1,54 0.5,63 0.25,61 0.75,60
0.25,58 0.25,60 0.5,61 0.25,61 0.5,63 0.25,61 0.25,63 1.25,65
0.25,58 0.25,60 0.25,61 0.25,63 1,65 1,58 0.5,66 0.25,65 1.25,63
0.25,63 0.25,63 0.25,63 0.25,63 0.5,68 0.5,70 0.5,65 0.25,63 1.25,61
1,61 1,54 0.5,60 0.25,61 0.75,63 0.5,61 0.5,60 0.5,61 3,58
