0.5,64 1,67 0.5,64 0.5,69 0.5,67 0.5,64 1,62 1.5,60 2,0
0.5,69 1,72 0.5,69 0.5,69 0.5,67 1,67 0.5,64 1.5,67 2,0
0.5,69 0.5,67 0.5,69 0.5,72 0.5,74 0.5,76 0.5,71 0.5,69 1.5,67
0.25,64 0.25,62 2,64 0.5,0
0.5,62 0.5,64 0.5,67 0.5,69 1,67 1,64 2.5,62 1,0
0.5,64 1,67 0.5,64 0.5,69 0.5,67 0.5,64 1,62 1.5,60 2,0
0.5,69 1,72 0.5,69 0.5,69 0.5,67 0.5,67 0.5,64 0.5,69 2.5,67 1,0
0.5,69 0.5,67 0.5,69 0.5,72 0.5,74 0.5,76 0.5,71
0.5,69 0.5,67 0.5,64 0.5,67 1,74 1.5,72 0.5,0
0.5,62 0.5,64 0.5,67 0.5,69 0.5,67 0.5,64 1,62 2.5,60 4.5,0
0.5,67 0.75,69 0.75,76 0.5,67 0.75,69 0.75,76 0.5,72 2,74 0.5,0
0.5,76 0.5,74 0.5,72 0.75,67 0.75,74 0.5,64 0.75,67 0.75,74 1,67 1.5,72 0.5,0
0.5,72 0.5,74 0.5,76 1,79 0.5,81 1,76 1.5,74 0.5,0
0.5,74 0.5,72 0.5,74 0.75,76 0.25,79 0.5,76 4.5,76 0.5,0
0.5,74 0.5,74 0.5,76 0.5,74 0.5,72 0.5,69 0.5,72
0.75,74 0.75,76 0.5,69 0.75,74 0.75,76 0.5,72 2,74 0.5,0
0.5,76 0.5,74 0.5,72 0.75,67 0.75,74
0.5,64 0.75,67 0.75,74 0.5,76 2,76 0.5,0
0.5,72 0.5,69 0.5,72 1,74 0.5,76 0.5,74 0.5,0
0.5,72 0.5,69 0.5,72 0.5,74 1,76 0.5,79 0.75,76 0.25,74 0.75,74 0.25,72 4,72
0.5,64 1,67 0.5,64 0.5,69 0.5,67 0.5,64 1,62 1.5,60 2,0
0.5,69 1,72 0.5,69 0.5,69 0.5,67 0.5,67 1,64 1.5,67 2,0
0.5,69 0.5,67 0.5,69 0.5,72 0.5,74 0.5,76 0.5,71 0.5,69 1.5,67 0.25,64 0.25,62 2,64 0.5,0
0.5,62 0.5,64 0.5,67 0.5,69 1,76 2.5,74 2,0
0.5,64 1,67 0.5,64 0.5,69 0.5,67 0.5,64 1,62 1.5,60 1.5,0
0.25,67 0.25,67 0.5,69 1,72 0.5,69 0.5,69 0.5,67 0.5,67 0.5,64 0.5,69 2.5,67 1,0
0.5,69 0.5,67 0.5,69 0.5,72 0.5,74
0.5,76 0.5,71 0.5,69 0.5,67 0.5,64 0.5,67 1,74 1.5,72 0.5,0
0.5,74 0.5,72 0.5,74 0.5,76 0.5,74 0.5,72 0.5,69 0.5,74 2.5,72 4.5,0
0.5,67 0.75,69 0.75,76 0.5,67 0.75,69 0.75,76 0.5,72 2,74 0.5,0
0.5,76 0.5,74 0.5,72 0.75,67 0.75,74 0.5,64 0.75,67 0.75,74 1,67 1.5,72 0.5,0
0.5,72 0.5,74 0.5,76 1,79 0.5,81 1,76 1.5,74 0.5,0
0.5,74 0.5,72 0.5,74 0.75,76 0.25,79 0.5,76 4.5,76 0.5,0
0.5,74 0.5,74 0.5,76 0.5,74 0.5,72 0.5,69 0.5,72
0.75,74 0.75,76 0.5,69 0.75,74 0.75,76 0.5,72 2,74 0.5,0
0.5,76 0.5,74 0.5,72 0.75,67 0.75,74
0.5,64 0.75,67 0.75,74 0.5,76 2,76 0.5,0
0.5,72 0.5,69 0.5,72 1,74 0.5,76 0.5,74 0.5,0
0.5,72 0.5,69 0.5,72 0.5,74 1,76 0.5,79 0.75,76 0.25,74 0.75,74 0.25,72 4,72
0.5,74 0.5,74 0.5,76 0.5,74 0.5,72 0.5,69 0.5,72
0.75,74 0.75,76 0.5,69 0.75,74 0.75,76 0.5,79 0.5,76 1.5,74 0.5,0
0.5,76 0.5,74 0.5,72 0.75,67 0.75,74
0.5,64 0.75,67 0.75,74 1,76 1.5,76 0.5,0
0.5,72 0.5,74 0.5,76 1,79 0.5,81 1,76 1.5,74 0.5,0
0.5,72 0.5,74 0.5,76 1.5,74 1,72 3.5,72
