0.5,64 0.5,64 0.5,67 0.5,69 0.5,67 0.5,69 0.5,72 0.5,71 0.5,69 0.75,67 0.75,69 1.5,64 0.5,0
0.5,64 0.5,64 0.5,67 0.5,69 0.5,67 0.5,69 0.5,72 0.5,71 0.5,69 0.5,69 1,64 1.5,62 0.5,0
0.5,69 0.75,74 0.5,69 1.5,74 0.5,0 0.5,69 0.75,74 0.25,69 1,71 1,64 0.5,0
0.5,62 0.5,64 0.5,62 1,67 0.5,0 0.5,62 0.5,67 0.5,69 0.5,71 0.5,72 0.25,71 0.25,69 1.5,71 0.5,0
0.5,64 0.5,64 0.5,67 0.5,69 0.5,67 0.5,69 0.5,72 0.5,71 0.5,69 0.5,67 1,69 1.5,64 0.5,0
0.5,64 0.5,64 0.5,67 0.5,69 0.5,67 0.5,69 0.5,72 0.5,71 0.5,69 0.5,69 1,67 1.5,76 0.5,0
0.5,69 0.75,74 0.5,69 1.75,74 0.5,0 0.5,76 0.75,71 0.5,69 0.25,71 0.25,72 1.75,71 0.5,0
0.5,69 0.5,74 0.5,71 0.5,64 0.5,69 0.5,74 0.5,71 0.5,64 0.75,69 0.5,67 2.25,69 0.5,0
0.5,79 0.5,76 1,74 0.5,0 0.5,74 0.5,74 0.5,76 0.5,72 0.5,74 2,76 1,0
0.5,79 0.5,76 1,74 0.5,0 0.5,74 0.5,74 0.5,67 0.75,76 0.375,77 1.875,76 1,0
0.5,76 0.5,76 1.5,83 0.25,76 0.25,74 1,74 0.5,72 0.5,71 0.5,72 0.5,74 0.5,76 1.5,81
0.5,69 0.5,72 0.5,76 0.5,74 0.5,69 0.5,72 1,71 1,67 3,69
0.5,79 0.5,76 1,74 0.5,0 0.5,74 0.5,74 0.5,76 0.5,72 0.5,74 2,76 1,0
0.5,79 0.5,76 1,74 0.5,0 0.5,74 0.5,74 0.5,67 0.75,76 0.25,77 2,76 1,0
0.5,76 0.5,76 1.5,83 0.25,76 0.25,74 1,74 0.5,72 0.5,71 0.5,72 0.5,74 0.5,76 1.5,81
0.5,69 0.5,72 0.5,76 0.5,74 0.5,69 0.5,72 1,71 1,67 3,69 3.5,0
0.5,64 0.5,64 0.5,67 0.5,69 0.5,67 0.5,69 0.5,72
0.5,71 0.5,69 0.5,67 1,69 1.5,64 0.5,0
0.5,64 0.5,64 0.5,67 0.5,69 0.5,67 0.5,69 0.5,72
0.5,71 0.5,69 0.5,69 1,64 1.5,62 0.5,0
0.5,69 0.75,74 0.5,69 1.5,74 0.5,0 0.5,69 0.75,74 0.25,69 1,71 1,64 0.5,0
0.5,62 0.5,64 0.5,62 1,67 0.5,0
0.5,62 0.5,67 0.5,69 0.75,71 0.5,72 0.25,71 0.25,69 1.5,71 0.25,0
0.5,64 0.5,64 0.5,67 0.5,69 0.5,67 0.5,69 0.5,72
0.5,71 0.5,69 0.5,67 1,69 1.5,64 0.5,0
0.5,64 0.5,64 0.5,67 0.5,69 0.5,67 0.5,69 0.5,72
0.5,71 0.5,69 0.5,69 1,67 1.5,76 0.5,0
0.5,69 0.75,74 0.5,69 1.75,74 0.5,0 0.5,76 0.75,71 0.25,69 0.25,71 0.25,72 2.5,71
0.5,69 0.5,74 0.5,71 0.5,64 0.5,69 0.5,74 0.5,71 0.5,64 0.75,69 0.25,67 3,69
0.5,79 0.5,76 1,74 0.5,0 0.5,74 0.5,74 0.5,76 0.5,72 0.5,74 2,76 1,0
0.5,79 0.5,76 1,74 0.5,0 0.5,74 0.5,74 0.5,67 0.75,76 0.375,77 1.875,76 1,0
0.5,76 0.5,76 1.5,83 0.25,76 0.25,74 1,74 0.5,72 0.5,71 0.5,72 0.5,74 0.5,76 1.5,81
0.5,69 0.5,72 0.5,76 0.5,74 0.5,69 0.5,72 1,71 1,67 3,69
0.5,79 0.5,76 1,74 0.5,0 0.5,74 0.5,74 0.5,76 0.5,72 0.5,74 2,76 1,0
0.5,79 0.5,76 1,74 0.5,0 0.5,74 0.5,74 0.5,67 0.75,76 0.25,77 2,76 1,0
0.5,76 0.5,76 1.5,83 0.25,76 0.25,74 1,74
0.5,72 0.5,71 0.5,72 0.5,74 0.5,76 1.5,81
0.5,69 0.5,72 0.5,76 0.5,74 0.5,69 0.5,72 1,71 1,67 3,69 3.5,0
0.5,76 0.5,76 1.5,83 0.25,76 0.25,74 1,74 0.5,72 0.5,71 0.5,72 0.5,74 0.5,76 1.5,81
0.5,69 0.5,72 0.5,76 0.5,74 0.5,69 0.5,72 1,71 1,67 3,69
0.5,69 0.5,72 0.5,76 0.5,74 0.5,69 0.5,72 1,71 1,67 3,69
0.5,69 0.5,72 0.5,76 0.5,74 0.5,69 0.5,72 1.5,71 2.75,67 4,69
