0.75,62 0.75,64 0.5,66 1.5,61 0.5,0 0.75,62 0.75,59 0.5,62 1.5,57 0.5,0 0.5,67 0.25,64 0.5,64 0.25,64 0.25,66 0.25,67 0.5,66 0.25,62 1.25,62 0.75,0 0.5,64 0.25,61 0.25,61 0.25,59 0.75,61 0.5,66 0.75,0
0.75,62 0.75,64 0.5,66 1.5,61 0.5,0 0.75,62 0.75,59 0.5,62 1.5,57 0.5,0 0.5,67 0.25,64 0.5,64 0.25,64 0.25,66 0.25,67 0.5,66 0.25,62 1.25,62 0.75,0 0.5,64 0.25,64 0.25,66 0.25,67 0.75,66 0.5,0
0.25,62 0.25,64 0.75,66 0.5,66 0.25,66 0.25,62 0.25,64 0.75,66 0.5,69 0.5,67 0.5,66 0.5,64 0.25,66 0.75,64 0.25,57 0.75,57 0.75,0
0.25,61 0.25,62 0.75,64 0.5,64 0.25,64 0.25,61 0.25,62 0.75,64 0.5,67 0.5,66 0.5,64 0.5,62 0.25,64 0.75,62 0.25,59 0.75,66 0.75,0
0.25,57 0.25,57 0.25,57 0.75,55 1,66 0.25,66 0.25,64 0.5,62 0.5,61 0.5,57 0.25,0 0.5,57 0.25,57 0.75,67 0.25,67 0.25,67 0.25,66 0.5,64 0.75,62 0.5,0
0.25,66 0.25,64 0.25,62 0.5,64 0.5,59 0.25,59 0.25,66 0.25,64 0.25,62 0.5,64 0.25,59 0.5,0
0.25,62 0.25,61 0.25,62 0.5,69 0.5,67 0.25,66 0.25,66 0.25,64 0.25,67 0.5,66 1.25,0
0.25,66 0.25,66 0.25,64 0.5,62 0.5,66 0.25,66 0.25,66 0.25,66 0.25,66 0.25,71 0.25,0 0.5,66 0.5,64 0.5,66 0.5,67 0.5,64 0.25,64 0.25,64 0.5,64 0.5,69 0.5,67 0.25,66 0.25,64 0.5,66 1.25,0
0.25,61 0.25,64 0.25,68 0.5,66 0.25,63 0.25,63 0.25,61 0.25,63 0.5,64 0.75,0 0.25,61 0.25,61 0.25,64 0.5,71 0.5,69 0.75,68
0.25,68 0.25,68 0.25,66 0.5,64 0.5,68 0.25,68 0.25,68 0.25,68 0.25,68 0.25,73 0.25,0 0.5,68 0.5,66 0.5,68 0.5,69 0.5,66 0.25,66 0.25,66 0.5,66 0.25,66 0.25,71 0.5,73 0.25,68 0.25,66 0.5,68 0.75,0
0.25,61 0.25,63 0.25,64 0.5,66 0.25,63 0.25,0 0.25,59 0.25,59 0.25,66 0.25,63 0.5,64 0.75,0 0.5,69 0.25,68 0.5,66 0.25,64 0.25,66 0.5,63 0.75,0 0.25,61 0.5,60 2,63 2.25,64 3,0 0.25,61 0.5,60 2,63 2.25,64 4,0
0.75,64 0.75,66 0.5,68 1.5,63 0.5,0 0.75,64 0.75,61 0.5,64 1.5,59 0.5,0 0.5,69 0.25,66 0.5,66 0.25,66 0.25,68 0.25,69 0.5,68 0.25,64 1.25,64 0.75,0 0.5,66 0.25,63 0.25,63 0.25,61 0.75,63 0.5,68 0.75,0
0.75,62 0.75,64 0.5,66 1.5,61 0.5,0 0.75,62 0.75,59 0.5,62 1.5,57 0.5,0 0.5,67 0.25,64 0.5,64 0.25,64 0.25,66 0.25,67 0.5,66 0.25,62 1.25,62 0.75,0 0.5,64 0.25,64 0.25,66 0.25,67 0.75,66 0.5,0
0.25,62 0.25,64 0.75,66 0.5,66 0.25,66 0.25,62 0.25,64 0.75,66 0.5,69 0.5,67 0.5,66 0.5,64 0.25,66 0.75,64 0.25,57 0.75,57 0.75,0
0.25,61 0.25,62 0.75,64 0.5,64 0.25,64 0.25,61 0.25,62 0.75,64 0.5,67 0.5,66 0.5,64 0.5,62 0.25,64 0.75,62 0.25,59 0.75,66 0.75,0
0.25,57 0.25,57 0.25,57 0.75,55 1,66 0.25,66 0.25,64 0.5,62 0.5,61 0.5,57 0.25,0 0.5,57 0.25,57 1,67 0.25,67 0.25,66 0.5,64 0.75,62 0.5,0
0.25,66 0.25,64 0.25,62 0.5,64 0.5,59 0.25,59 0.25,66 0.25,64 0.25,62 0.25,64 0.25,64 0.25,59 0.5,0
0.25,62 0.25,61 0.25,62 0.5,69 0.5,67 0.25,66 0.25,66 0.25,64 0.25,67 0.5,66 1.25,0
0.25,66 0.25,66 0.25,64 0.5,62 0.5,66 0.25,66 0.25,66 0.25,66 0.25,66 0.25,71 0.25,0 0.5,66 0.5,64 0.5,66 0.5,67 0.5,64 0.25,64 0.25,64 0.5,64 0.5,69 0.5,67 0.25,66 0.25,64 0.5,66 1.25,0
0.25,61 0.25,64 0.25,68 0.5,66 0.25,63 0.25,63 0.25,61 0.25,63 0.5,64 0.75,0 0.25,61 0.25,61 0.25,64 0.5,71 0.5,69 0.75,68
0.25,68 0.25,68 0.25,66 0.5,64 0.5,68 0.25,68 0.25,68 0.25,68 0.25,68 0.25,73 0.25,0 0.5,68 0.5,66 0.5,68 0.5,69 0.5,66 0.25,66 0.25,66 0.5,66 0.25,66 0.25,71 0.5,73 0.25,68 0.25,66 0.5,68 0.75,0
0.25,61 0.25,63 0.25,64 0.5,66 0.25,63 0.25,0 0.25,59 0.25,59 0.25,66 0.25,63 0.5,64 0.75,0 0.5,69 0.25,68 0.5,66 0.25,64 0.25,66 0.5,63 0.75,0 0.25,61 0.5,60 2,63 2.25,64 3,0 0.25,61 0.5,60 2,63 2.25,64 4,0 14.5,0
0.25,68 0.25,68 0.25,66 0.5,64 0.5,68 0.25,68 0.25,68 0.25,68 0.25,68 0.25,73 0.25,0 0.5,68 0.5,66 0.5,68 0.5,69 0.5,66 0.25,66 0.25,66 0.5,66 0.5,71 0.5,69 0.25,68 0.25,66 0.5,68 1.25,0
0.25,61 0.25,64 0.25,68 0.5,66 0.25,63 0.25,63 0.25,61 0.25,63 0.5,64 0.75,0 0.25,61 0.25,61 0.25,64 0.5,71 0.5,69 0.75,68
0.25,68 0.25,68 0.25,66 0.5,64 0.5,68 0.25,68 0.25,68 0.25,68 0.25,68 0.25,73 0.25,0 0.5,68 0.5,66 0.5,68 0.5,69 0.5,66 0.25,66 0.25,66 0.5,66 0.25,66 0.25,71 0.5,73 0.25,68 0.25,66 0.5,68 0.75,0
0.25,61 0.25,63 0.25,64 0.5,66 0.25,63 0.25,0 0.25,59 0.25,59 0.25,66 0.25,63 0.5,64 0.75,0 0.5,69 0.25,68 0.5,66 0.25,64 0.25,66 0.5,63 0.75,0 0.25,61 0.5,60 2,63 2.25,64 3,0 0.25,61 0.5,60 2,63 2.25,64 4,0
