0.5,64 0.5,66 0.5,69 0.25,68 2.25,68
0.25,68 0.25,69 0.5,71 0.5,69 0.25,68 2.25,64
0.5,64 0.5,66 0.5,69 0.25,68 1.75,68
0.5,68 0.5,66 0.5,64 0.5,61 0.25,66 2.25,66
0.5,64 0.5,66 0.5,69 0.25,68 2.25,68
0.25,68 0.25,69 0.5,71 0.5,69 0.5,68 0.5,64 0.5,71 2,69
0.5,69 0.25,68 1.25,76 0.5,68 0.25,66 0.75,66 0.25,64 3.25,64
0.5,64 0.5,66 0.5,69 0.25,68 2.25,68
0.25,68 0.25,69 0.5,71 0.5,69 0.25,68 2.25,64
0.5,64 0.5,66 0.5,69 0.25,68 1.75,68
0.5,68 0.5,66 0.5,64 0.5,61 0.25,66 2.25,66
0.5,64 0.5,66 0.5,69 0.25,68 2.25,68
0.25,68 0.25,69 0.5,71 0.5,69 0.5,68 0.5,64 0.5,78 1,76 0.75,0
0.25,59 0.5,69 0.25,68 1,76 0.25,59 0.5,68 0.25,66 0.75,76 0.25,75 2.25,76 0.5,0
0.5,80 0.5,78 0.5,76 0.5,73 0.25,78 1.25,78 0.5,0
0.5,80 0.5,78 0.5,76 0.5,71 0.25,78 0.25,78 0.5,76 0.25,76 0.75,76
0.5,80 0.5,78 0.5,76 0.5,73 0.25,78 0.75,78
0.25,76 0.75,81 0.25,80 0.5,78 0.5,76 0.25,71 0.5,81 0.25,80 0.5,80 0.5,78 0.75,80
0.25,80 0.5,81 0.25,80 0.25,80 0.75,85 0.25,80 0.75,80 0.25,78 0.75,78
0.25,78 0.75,80 0.25,78 0.75,83 0.25,78 0.75,78 0.25,75 0.5,78 0.75,76 0.5,0
0.25,71 0.25,68 0.5,69 0.25,76 0.75,76
0.25,78 0.75,81 0.5,80 0.5,78 0.5,76 4,76
0.5,64 0.5,66 0.5,69 0.25,68 2.25,68
0.25,68 0.25,69 0.5,71 0.5,69 0.25,68 2.25,64
0.5,64 0.5,66 0.5,69 0.25,68 1.75,68
0.5,68 0.5,66 0.5,64 0.5,61 0.25,66 2.25,66
0.5,64 0.5,66 0.5,69 0.25,68 2.25,68
0.25,68 0.25,69 0.5,71 0.5,69 0.5,68 0.5,64 0.5,78 1,76 0.75,0
0.25,59 0.5,69 0.25,68 1,76 0.25,59 0.5,68 0.25,66 0.75,76 0.25,75 2.25,76 0.5,0
0.5,80 0.5,78 0.5,76 0.5,73 0.25,78 1.25,78 0.5,0
0.5,80 0.5,78 0.5,76 0.5,71 0.25,78 0.25,78 0.5,76 0.25,76 0.75,76
0.5,80 0.5,78 0.5,76 0.5,73 0.25,78 0.75,78
0.25,76 0.75,81 0.25,80 0.5,78 0.5,76 0.25,71 0.5,81 0.25,80 0.5,80 0.5,78 0.75,80
0.25,80 0.5,81 0.25,80 0.25,80 0.75,85 0.25,80 0.75,80 0.25,78 0.75,78
0.25,78 0.75,80 0.25,78 0.75,83 0.25,78 0.75,78 0.25,75 0.5,78 0.75,76 0.5,0
0.25,71 0.25,68 0.5,69 0.25,76 0.75,76
0.25,78 0.75,81 0.5,80 0.5,78 0.5,76 2.5,76
0.5,80 0.5,78 0.5,76 0.5,73 0.25,78 1.25,78 0.5,0
0.5,80 0.5,78 0.5,76 0.5,71 0.25,78 0.75,78 0.25,80 0.75,76
0.5,80 0.5,78 0.5,76 0.5,73 0.25,78 0.75,78
0.25,76 0.75,81 0.25,80 0.5,78 0.5,76 0.25,71 0.5,81 0.25,80 0.5,80 0.5,81 0.75,80
0.25,80 0.5,81 0.25,80 0.25,80 0.75,85 0.25,80 0.75,80 0.25,78 0.75,78
0.25,78 0.75,80 0.25,78 0.75,83 0.25,78 0.75,78 0.25,75 0.5,78 0.75,76 0.5,0 2,0
0.25,71 0.25,68 0.5,69 0.25,76 0.75,76
0.25,78 0.75,81 0.5,80 0.5,78 0.5,76 4,76
