0.25,75 0.25,75 0.5,75 0.25,75 0.5,75 0.75,70 0.5,70 0.5,68 0.5,70 0.25,72 1.25,72 2.5,0
0.25,75 0.25,75 0.5,75 0.25,75 0.5,75 0.75,80 0.5,79 0.5,75 0.75,79 2.25,80
0.33,75 0.33,80 0.33,82 1.75,84 0.25,80 1.5,82 0.25,0 0.25,72 0.5,80 0.25,79 0.5,77 0.5,79 0.25,79 2,80
0.5,75 0.25,68 1,68 0.25,77 0.5,75 0.25,68 0.5,68 0.5,77 0.25,77 2,79 2.5,0
0.25,75 0.25,75 0.5,75 0.25,75 0.5,75 0.75,70 0.5,70 0.5,68 0.5,70 0.25,72 1.25,72 2.5,0
0.25,75 0.25,75 0.5,75 0.25,75 0.5,75 0.75,80 0.33,79 0.33,75 0.33,79 0.75,79 2.25,80
0.33,75 0.33,80 0.33,82 1.75,84 0.25,80 1.5,82 0.25,0 0.25,72 0.5,80 0.25,79 0.5,77 0.5,82 0.25,82 2,80
0.5,75 0.25,68 1,68 0.25,77 0.5,75 0.25,68 1.25,68 0.75,79 0.5,79 0.5,80 0.25,80 4,82 1,0
0.33,72 0.33,77 0.33,79 1.5,80 0.25,82 1.75,80 0.25,79 0.25,77 0.5,75 0.25,79 0.5,82 0.5,85 2.25,84
0.5,80 0.25,82 0.5,84 0.75,87 0.5,73 0.25,72 0.25,70 0.25,68 0.75,68 1,70 0.75,77 1.25,79
0.33,72 0.33,77 0.33,79 1,80 0.25,80 0.75,82 1.5,80 0.25,79 0.25,77 0.5,75 0.25,79 0.5,82 0.5,85 2.25,84
0.5,80 0.25,82 0.5,84 0.75,87 0.5,73 0.25,72 0.25,70 0.25,68 0.5,68 2.25,82
0.5,82 0.25,84 0.5,82 0.5,79 0.25,79 1,80 0.25,80 0.25,82 0.25,84 0.25,82 1.25,82 0.25,80 0.25,91 0.25,80 1.25,80 0.5,87 1.75,82
0.25,80 0.25,82 0.75,82 0.25,77 0.25,79 0.25,77 1.5,77
0.25,75 0.25,75 0.25,75 0.75,75 0.5,75 0.25,70 0.5,70 0.75,68 0.5,70 0.25,72 1.25,72 2.5,0
0.25,75 0.25,75 0.5,75 0.25,75 0.5,75 0.75,80 0.33,79 0.33,75 0.33,79 0.75,79 2.25,80
0.33,75 0.33,80 0.33,82 1.75,84 0.25,80 1.5,82 0.25,0 0.25,72 0.5,80 0.25,79 0.5,77 0.5,82 0.25,82 2,80
0.5,75 0.25,68 1,68 0.25,77 0.5,75 0.25,68 1.25,68 0.75,79 0.5,79 0.5,80 0.25,80 4,82 1,0
0.33,72 0.33,77 0.33,79 1.5,80 0.25,82 1.75,80 0.25,79 0.25,77 0.5,75 0.25,79 0.5,82 0.5,85 2.25,84
0.5,80 0.25,82 0.5,84 0.75,87 0.5,73 0.25,72 0.25,70 0.25,68 0.75,68 1,70 0.75,77 1.25,79
0.33,72 0.33,77 0.33,79 1,80 0.25,80 0.75,82 1.5,80 0.25,79 0.25,77 0.5,75 0.25,79 0.5,82 0.5,85 2.25,84
0.5,80 0.25,82 0.5,84 0.75,87 0.5,73 0.25,72 0.25,70 0.25,68 0.5,68 2.25,82
0.5,82 0.25,84 0.5,82 0.5,79 0.25,79 1,80 0.25,80 0.25,82 0.25,84 0.25,82 1.25,82 0.25,80 0.25,91 0.25,80 1.25,80 0.5,87 1.75,82
0.25,80 0.25,82 0.75,82 0.75,85 2,84
0.25,82 0.25,84 0.33,73 0.33,73 0.33,73 0.33,85 0.33,84 0.25,82 0.5,80 1,80
0.25,80 0.25,82 0.33,83 0.33,83 0.33,83 0.33,83 0.33,82 0.25,80 0.5,78 0.75,78
0.25,78 0.25,80 0.33,81 0.33,81 0.33,81 0.33,81 0.33,80 0.33,78 0.75,76 0.75,81
0.5,81 1.25,83 0.5,80 0.25,84 2,85 3,75
0.33,72 0.33,77 0.33,79 1.5,80 0.25,82 1.75,80 0.25,79 0.25,77 0.5,75 0.25,79 0.5,82 0.5,85 2.25,84
0.5,80 0.25,82 0.5,84 0.75,87 0.5,73 0.25,72 0.25,70 0.25,68 0.75,68 1,70 0.75,77 1.25,79
0.33,72 0.33,77 0.33,79 1,80 0.25,80 0.5,82 1.75,80 0.25,79 0.25,77 0.5,75 0.25,79 0.5,82 0.5,85 2.25,84
0.5,80 0.25,82 0.5,84 0.75,87 0.5,73 0.25,72 0.25,70 0.25,68 0.5,68 2.25,82
0.5,82 0.25,84 0.5,82 0.5,79 0.25,79 1,80 0.25,80 0.25,82 0.25,84 0.25,82 1.25,82 0.25,80 0.25,91 0.25,80 1.25,80 0.5,87 1.75,82
0.25,80 0.25,82 0.75,82 0.25,77 0.25,79 0.25,77 1.5,77
