0.5,71 0.25,71 0.25,69 0.5,71 0.5,74
0.5,71 0.25,71 0.25,69 0.5,71 0.5,76
0.5,71 0.25,71 0.25,69 0.5,71 0.5,79
0.25,78 0.25,79 0.25,78 0.25,74 0.5,71 0.5,69
0.5,71 0.25,71 0.25,69 0.5,71 0.5,74
0.5,71 0.25,71 0.25,69 0.5,71 0.5,76
0.5,71 0.25,71 0.25,69 0.5,71 0.5,79 0.75,79 0.25,78 1,78
0.75,76 0.25,83 0.5,83 0.5,76 0.75,81 0.25,78 0.5,74 0.25,71 0.25,74 0.75,76
0.25,74 0.75,76 0.25,74 0.75,76 0.25,74 0.5,76 0.5,79 3,78 0.5,0
0.25,76 0.25,78 0.5,79 0.25,78 0.5,76 0.5,83 0.25,78 1.5,78
0.25,79 0.25,81 0.5,82 0.25,81 0.5,79 0.75,77 1.5,74
0.25,79 0.25,81 0.5,82 0.25,81 0.5,79 0.75,86 0.75,81 0.25,79 0.25,77 0.75,77
0.5,75 0.25,79 0.5,79 0.75,82 0.75,82 0.25,84 0.5,84
0.25,79 0.25,81 0.5,82 0.25,81 0.5,79 0.5,86 0.25,81 1.5,81
0.25,79 0.25,81 0.5,82 0.25,81 0.5,79 0.75,77 1.5,74
0.25,79 0.25,81 0.5,82 0.25,81 0.5,79 0.75,86 0.75,81 0.25,79 0.25,77 0.75,77
0.5,75 0.5,82 2,82 0.5,0 1,81 0.75,84 2.5,82
0.5,74 0.25,74 0.25,72 0.5,74 0.5,77
0.5,71 0.25,71 0.25,69 0.5,71 0.5,76
0.5,71 0.25,71 0.25,69 0.5,71 0.5,79
0.25,78 0.25,79 0.25,78 0.25,74 0.5,71 0.5,69
0.5,71 0.25,71 0.25,69 0.5,71 0.5,74
0.5,71 0.25,71 0.25,69 0.5,71 0.5,76
0.5,71 0.25,71 0.25,69 0.5,71 0.5,79 0.75,79 0.25,78 1,78
0.75,76 0.25,83 0.5,83 0.5,76 0.75,81 0.25,78 0.5,74 0.25,71 0.25,74 0.75,76
0.25,74 0.75,76 0.25,74 0.75,76 0.25,74 0.5,76 0.5,79 3,78 0.5,0
0.25,76 0.25,78 0.5,79 0.25,78 0.5,76 0.5,83 0.25,78 1.5,78
0.25,79 0.25,81 0.5,82 0.25,81 0.5,79 0.75,77 1.5,74
0.25,79 0.25,81 0.5,82 0.25,81 0.5,79 0.75,86 0.75,81 0.25,79 0.25,77 0.75,77
0.5,75 0.25,79 0.5,79 0.75,82 0.75,82 0.25,84 0.5,84
0.25,79 0.25,81 0.5,82 0.25,81 0.5,79 0.5,86 0.25,81 1.5,81
0.25,79 0.25,81 0.5,82 0.25,81 0.5,79 0.75,77 1.5,74
0.25,79 0.25,81 0.5,82 0.25,81 0.5,79 0.75,86 0.75,81 0.25,79 0.25,77 0.75,77
0.5,75 0.5,82 1.5,82 0.5,0 1,81 0.5,84 2.5,82
0.25,79 0.25,81 0.5,82 0.25,81 0.5,79 1.25,86 1,81
0.25,79 0.25,81 0.5,82 0.25,81 0.75,79 0.5,77 1.5,74
0.25,79 0.25,81 0.5,82 0.25,81 0.5,79 0.75,86 0.75,81 0.25,79 0.25,77 0.75,77
0.5,75 0.25,79 0.75,79 0.5,82 0.75,82 0.25,84 0.5,84
0.25,79 0.25,81 0.5,82 0.25,81 0.5,79 0.5,86 0.25,81 1.5,81
0.25,79 0.25,81 0.5,82 0.25,81 0.5,79 0.75,77 1.5,74
0.25,79 0.25,81 0.5,82 0.25,81 0.5,79 0.75,86 0.75,81 0.25,79 0.25,77 0.75,77
0.5,75 0.5,82 1.5,82 0.5,0 1,81 0.5,84 2.5,82
