1.5,69 0.25,69 0.25,69 0.25,68 0.5,69 0.75,71 0.25,68 1.75,69
0.25,69 0.25,69 0.25,68 0.5,69 0.75,71 0.25,73 1.75,69
0.25,69 0.25,69 0.25,69 0.5,64 0.75,69 0.5,71 0.5,74 0.5,73 0.5,71 0.5,69 0.5,73 0.5,71 1,71
1.5,69 0.25,69 0.25,69 0.25,68 0.5,69 0.75,71 0.25,68 1.75,69
0.25,69 0.25,69 0.25,68 0.5,69 0.75,71 0.25,73 1.75,69
0.25,69 0.25,69 0.5,69 0.25,64 0.5,69 0.75,71
0.5,74 0.5,73 0.5,71 0.5,69 0.5,73 0.5,71 0.5,71 0.5,0
0.5,69 0.25,68 0.75,69 0.25,68 0.75,69 1.25,0 0.5,69 0.25,68 0.75,69 0.25,71 2,73
0.5,69 0.25,68 0.75,69 0.25,71 0.75,74 0.5,73 0.5,71 0.5,69
0.5,69 0.5,68 0.5,69 0.5,73 0.5,78 0.5,76 1,76
0.5,73 0.25,72 0.75,73 0.25,74 0.75,76 0.25,74 0.5,73 0.75,71
0.5,69 0.25,68 0.75,69 0.25,71 0.75,73 0.5,71 0.5,69 0.5,68
0.5,69 0.25,68 0.75,69 0.25,78 0.75,80 0.25,78 0.5,76 0.5,73
0.25,76 0.5,78 0.25,69 1,69 0.25,78 0.5,80 0.25,73 0.75,76 0.5,0
0.5,73 0.25,73 0.75,73 0.25,74 0.75,76 0.25,74 0.5,73 0.75,71
0.5,69 0.25,69 0.75,69 0.25,71 0.75,73 0.5,71 0.5,69 0.5,68
0.5,69 0.25,66 0.75,69 0.25,78 0.75,80 0.25,78 0.5,76 0.5,73
0.25,78 0.5,78 0.25,69 1,69 0.25,78 0.5,80 0.25,78 0.5,76 0.5,66 3.25,69
1.5,69 0.25,69 0.25,69 0.25,68 0.5,69 0.75,71 0.25,68 1.75,69
0.25,69 0.25,69 0.25,68 0.5,69 0.75,71 0.25,73 1.75,69
0.25,69 0.25,69 0.25,69 0.5,64 0.5,69 0.75,71
0.5,74 0.5,73 0.5,71 0.5,69 0.5,73 0.5,71 1,71
1.5,69 0.25,69 0.25,69 0.25,68 0.5,69 0.75,71 0.25,68 1.75,69
0.25,69 0.25,69 0.25,68 0.5,69 0.75,71 0.25,73 1.75,69
0.25,69 0.25,69 0.5,69 0.25,64 0.5,69 0.75,71
0.5,74 0.5,73 0.5,71 0.5,69 0.5,73 0.5,71 0.5,71 0.5,0
0.5,69 0.25,68 0.75,69 0.25,68 0.75,69 1.25,0
0.5,69 0.25,68 0.75,69 0.25,71 2.25,73
0.5,69 0.25,68 0.75,69 0.25,71 0.75,74 0.5,73 0.5,71 0.5,69
0.5,69 0.5,68 0.5,69 0.5,73 0.5,78 0.5,76 1,76
0.5,73 0.25,72 0.75,73 0.25,74 0.75,76 0.25,74 0.5,73 0.75,71
0.5,69 0.25,68 0.75,69 0.25,71 0.75,73 0.5,71 0.5,69 0.5,68
0.5,69 0.25,68 0.75,69 0.25,78 0.75,80 0.25,78 0.5,76 0.5,73
0.25,76 0.5,78 0.25,69 1,69 0.25,78 0.5,80 0.25,73 0.75,76 0.5,0
0.5,73 0.25,73 0.75,73 0.25,74 0.75,76 0.25,74 0.5,73 0.75,71
0.5,69 0.25,69 0.75,69 0.25,71 0.75,73 0.5,71 0.5,69 0.5,68
0.5,69 0.25,66 0.75,69 0.25,78 0.75,80 0.25,78 0.5,76 0.5,73
0.25,78 0.5,78 0.25,69 1,69 0.25,78 0.5,80 0.25,78 0.5,76 0.5,66 3.25,69
0.5,73 0.25,72 0.75,73 0.25,74 0.75,76 0.25,74 0.5,73 0.75,71
0.5,69 0.25,68 0.75,69 0.25,71 0.75,73 0.5,71 0.5,69 0.5,68
0.5,69 0.25,68 0.75,69 0.25,78 0.75,80 0.25,78 0.5,76 0.5,73
0.25,76 0.5,78 0.25,69 1,69 0.25,78 0.5,80 0.25,73 0.75,76 0.5,0
0.5,73 0.25,73 0.75,73 0.25,74 0.75,76 0.25,74 0.5,73 0.75,71
0.5,69 0.25,69 0.75,69 0.25,71 0.75,73 0.5,71 0.5,69 0.5,68
0.5,69 0.25,66 0.75,69 0.25,78 0.75,80 0.25,78 0.5,76 0.5,73
0.25,78 0.5,78 0.25,69 1,69 0.25,78 0.5,80 0.25,78 0.5,76 0.5,66 3.25,69 0.75,0
0.25,76 0.5,78 0.25,69 1,69 0.25,78 0.5,80 0.5,78 0.5,76 0.5,74
0.5,73 0.25,72 0.75,73 0.25,74 0.75,76 0.25,74 0.5,73 0.75,71 0.5,69 0.25,68 0.75,69 0.25,71 0.75,73 0.5,71 0.5,69 0.5,68 0.5,69 0.25,68 0.75,69 0.25,78 0.75,80 0.25,78 0.5,76 0.5,73
0.25,76 0.5,78 0.25,69 1,69 0.25,78 0.5,80 0.25,73 0.75,76 0.5,0
0.5,73 0.25,73 0.75,73 0.25,74 0.75,76 0.25,74 0.5,73 0.75,71 0.5,69 0.25,69 0.75,69 0.25,71 0.75,73 0.5,71 0.5,69 0.5,68 0.5,69 0.25,66 0.75,69 0.25,78 0.75,80 0.25,78 0.5,76 0.5,73
0.25,78 0.5,78 0.25,69 1,69 0.25,78 0.5,80 0.25,78 0.5,76 0.5,66 5,69
