0.5,62 0.5,72 1,71 0.5,0 0.5,71 0.5,72 0.5,71 0.5,69 0.5,67 0.5,69 0.5,71 0.5,72 0.5,71 1,71 0.5,0
0.5,64 1,72 0.5,0 0.5,72 0.5,74 0.5,72 0.5,69 0.5,71 1.5,72 0.5,71 1,71 0.5,0
0.5,67 1,74 0.5,0 0.5,74 0.5,76 0.5,74 0.5,72 0.5,71 0.5,71 0.5,72 0.5,69 0.5,67 1,78 0.5,0
0.5,76 0.5,74 0.5,72 0.5,64 0.5,65 1,71 0.5,69 0.5,67 3,67
0.5,62 0.5,72 1,71 0.5,0 0.5,71 0.5,72 0.5,71 0.5,69 0.5,67 0.5,69 0.5,71 0.5,72 0.5,71 1,71 0.5,0
0.5,64 1,72 0.5,0 0.5,72 0.5,74 0.5,72 0.5,69 0.5,71 1.5,72 0.5,71 1,71 0.5,0
0.5,67 1,74 0.5,0 0.5,74 0.5,76 0.5,74 0.5,72 0.5,71 0.5,71 0.5,72 0.5,69 0.5,67 1,78 0.5,0
0.5,76 0.5,74 0.5,72 0.5,64 0.5,67 1,71 0.5,69 0.5,67 2,67 0.5,0
0.5,67 0.5,72 0.5,74 0.5,74 0.5,76 0.5,72 0.25,71 0.25,69 0.75,0
0.25,64 0.25,71 0.5,72 0.75,72 0.5,74 0.5,71 0.25,69 0.25,67 0.75,0
0.25,60 0.25,69 0.5,71 0.75,71 0.5,72 0.5,72 0.5,64 1,66 0.5,67 0.25,69 0.25,67 1.5,67 0.25,69 0.25,71 0.5,0
0.5,67 0.5,71 0.5,74 0.5,74 0.5,76 0.5,72 0.25,71 0.25,69 0.75,0
0.25,79 0.25,78 0.75,79 0.5,74 0.5,76 0.5,74 0.25,72 0.25,71 0.75,0
0.25,67 0.25,72 0.5,74 0.75,74 0.5,76 0.5,76 0.5,67 1,67 1,66 3,67
0.5,62 0.5,72 1,71 0.5,0 0.5,71 0.5,72 0.5,71 0.5,69 0.5,67 0.5,69 0.5,71 0.5,72 0.5,71 1,71 0.5,0
0.5,64 1,72 0.5,0 0.5,72 0.5,74 0.5,72 0.5,69 0.5,71 1.5,72 0.5,71 1,71 0.5,0
0.5,67 1,74 0.5,0 0.5,74 0.5,76 0.5,74 0.5,72 0.5,71 0.5,71 0.5,72 0.5,69 0.5,67 1,78 0.5,0
0.5,76 0.5,74 0.5,72 0.5,64 0.5,66 1,71 0.5,69 0.5,67 4,67
0.5,71 0.25,74 0.5,79 0.75,81 0.5,83 0.25,79 0.25,79 0.25,76 0.75,76 0.5,81 0.25,79 0.5,78 0.5,76 0.25,74 0.5,74 0.5,81 0.5,78 1.5,79 1,0
0.5,72 0.25,71 0.5,72 0.75,74 0.5,76 0.25,74 0.5,76 0.75,78 0.5,79 0.25,77 0.5,79 0.75,81 0.5,81
0.5,67 0.5,71 0.5,74 0.5,74 0.5,76 0.5,72 0.25,71 0.25,69 0.75,0
0.25,64 0.25,71 0.5,72 0.75,72 0.5,74 0.5,71 0.25,69 0.25,67 0.75,0
0.25,60 0.25,69 0.5,71 0.75,71 0.5,72 0.5,72 0.5,64 1,66 0.5,67 0.25,69 0.25,67 1.5,67 0.25,69 0.25,71 0.5,0
0.5,67 0.5,71 0.5,74 0.5,74 0.5,76 0.5,72 0.25,71 0.25,69 0.75,0
0.25,79 0.25,78 0.75,79 0.5,74 0.5,76 0.5,74 0.25,72 4.25,71 0.75,0
0.25,59 0.25,71 0.75,74 0.5,74 0.5,76 0.5,76 0.5,67 1,67 1,66 3,67
0.5,62 0.5,72 1,71 0.5,0 0.5,71 0.5,72 0.5,71 0.5,69 0.5,67 0.5,69 0.5,71 0.5,72 0.5,71 1,71 0.5,0
0.5,64 1,72 0.5,0 0.5,72 0.5,74 0.5,72 0.5,69 0.5,71 1.5,72 0.5,71 1,71 0.5,0
0.5,67 1,74 0.5,0 0.5,74 0.5,76 0.5,74 0.5,72 0.5,71 0.5,71 0.5,72 0.5,69 0.5,67 1,78 0.5,0
0.5,76 0.5,74 0.5,72 0.5,64 0.5,66 1,71 0.5,69 0.5,67 2,67 0.5,0
0.5,67 0.5,66 0.5,67 1,74 0.5,0 0.5,74 0.5,76 0.5,74 0.5,72 0.5,71 0.5,71 0.5,72 0.5,69 0.5,67 1,78 0.5,0
0.5,76 0.5,74 0.5,72 0.5,64 0.5,66 1,71 0.5,69 0.5,67 3,67 0.5,0
0.5,76 0.5,74 0.5,72 0.5,64 0.5,66 1,71 0.5,69 0.5,67 3,67 0.5,0
0.5,76 0.5,74 0.5,72 0.5,64 0.5,66 4.25,71 0.5,69 0.5,67 2,67
