0.5,75 1.5,72 0.5,75 1.5,70 0.5,72 1,70 2.5,68
0.5,68 0.5,67 0.5,65 0.5,67 0.5,68 1,67 0.5,68 0.5,70 3.5,72
0.5,75 1.5,72 0.5,75 1.5,70 0.5,72 1,70 2.5,68
0.5,68 0.5,67 0.5,65 0.5,67 0.5,68 1,67 0.5,68 0.5,68 0.5,70 2,68
0.5,75 1.5,72 0.5,75 1.5,70 0.5,72 1,70 2.5,68
0.5,68 0.5,67 0.5,65 0.5,67 0.5,68 1,67 1,68 0.5,70 3,72
0.5,75 1.5,72 0.5,75 1.5,82 0.5,80 1,79 2.5,80
0.5,68 0.5,67 0.5,65 0.5,67 0.5,68 1,67 0.5,68 1,70 2,68 0.75,0
0.5,75 0.5,77 0.5,79 1,80 0.5,79 0.5,80 0.5,79 0.5,77 0.5,75 1,77 2,75
0.5,68 0.5,70 0.5,72 1,73 0.5,72 0.5,73 0.5,75 0.5,68 0.5,70 1,72 1.5,72 0.5,0
0.5,75 0.5,77 0.5,79 1,80 0.5,79 0.5,80 0.5,82 0.5,80 0.5,82 1,84 2,75
0.5,68 0.5,70 0.5,72 1.25,73 0.5,72 0.5,73 0.5,72 1,70 0.5,68 0.5,67 2.5,68
0.5,75 1.5,72 0.5,75 1.5,70 0.5,72 1,70 2.5,68
0.5,68 0.5,67 0.5,65 0.5,67 0.5,68 1,67 0.5,68 0.5,70 3.5,72
0.5,75 1.5,72 0.5,75 1,82 1,80 0.5,79 3,80
0.5,68 0.5,67 0.5,65 0.5,67 0.5,68 1,67 0.5,68 0.5,68 0.5,70 2,68 0.5,0
0.5,75 0.5,77 0.5,79 1,80 0.5,79 0.5,80 0.5,79 0.5,77 0.5,75 1,77 2,75
0.5,68 0.5,70 0.5,72 1,73 0.5,72 0.5,73 0.5,75 0.5,68 0.5,70 1,72 1.5,72 0.5,0
0.5,75 0.5,77 0.5,79 1,80 0.5,79 0.5,80 0.5,82 0.5,80 0.5,82 1,84 2,75
0.5,68 0.5,70 0.5,72 1,73 0.5,72 0.5,73 0.5,72 1,70 0.5,68 0.5,67 1.5,68
0.5,75 0.5,77 0.5,79 1,80 0.5,79 0.5,80 0.5,70 0.5,80 0.5,79 1,77 1.5,75 0.25,0
0.5,68 0.5,70 0.5,72 1,73 0.5,72 0.5,73 0.5,75 0.5,68 0.5,68 1,77 1.5,75 0.5,0
0.5,75 0.5,77 0.5,79 1,80 0.5,79 0.5,80 0.5,82 0.5,80 0.5,82 1,84 1.5,75 0.5,0
0.5,68 0.5,70 0.5,72 1,73 0.5,72 0.5,73 0.5,75 0.5,68 1,68 0.25,70 0.25,72 0.25,70 0.25,68 3,68 1.5,0
0.75,75 0.75,77 0.75,79 1.5,80 0.75,79 0.5,80 0.75,79 2,77 1,75 0.75,73 3.75,75
