0.25,68 0.25,71 0.5,71 0.25,68 1,71 0.25,68 0.5,71 0.5,73 0.5,75 0.5,71 0.75,71 0.25,68 1,68 1.5,0
0.25,68 0.25,71 0.75,71 0.25,68 0.75,71 0.25,68 0.5,71 0.5,78 0.5,75 0.5,71 0.75,71 0.25,68 1.5,75
0.25,71 0.25,78 0.5,76 0.5,73 0.5,73 0.25,71 0.75,76 1,73 0.125,0 0.25,71 0.5,76 0.5,73 0.25,76 0.75,78 1.25,68
0.25,71 0.25,78 0.5,76 0.5,73 0.5,76 0.25,73 0.75,76 0.5,73 0.5,64 0.5,73 2,72 1,71 1.5,0
0.25,68 0.25,71 0.5,71 0.25,68 1,71 0.25,68 0.5,71 0.5,73 0.5,75 0.5,71 0.75,71 0.25,68 1,68 1.25,0
0.25,68 0.25,71 0.75,73 0.25,68 0.75,71 0.25,68 0.5,71 0.5,78 0.5,75 0.5,71 0.5,71 0.5,68 1.5,75
0.25,71 0.25,78 0.5,76 0.5,73 0.5,73 0.25,71 0.75,76 1.25,73 0.25,71 0.5,76 0.5,73 0.25,76 0.75,78 1.5,68
0.25,71 0.25,78 0.5,76 0.5,73 0.25,76 0.75,73 0.5,76 0.5,73 0.5,76 0.5,78 0.5,80 1.25,76
0.25,76 0.25,78 0.25,76 0.25,78 0.25,80 0.5,81 0.5,80 0.5,0
0.25,76 0.25,78 0.25,78 0.5,76 0.25,71 0.5,83 0.5,80 0.5,78 0.5,80 0.5,0
0.25,76 0.25,78 0.25,78 0.5,76 0.25,71 0.5,83 0.5,80 0.5,78 0.5,76 0.5,0
0.25,76 0.25,78 0.25,78 0.5,76 0.25,71 0.5,83 0.5,80 0.5,71 0.5,80
0.5,78 0.25,77 0.5,78 0.75,80 0.5,76 0.5,73 0.25,71 0.5,73 0.25,71 0.75,69
0.25,73 0.5,76 0.25,73 0.75,80 0.5,78 0.5,78 0.5,76 0.75,0
0.25,72 0.25,76 0.5,73 0.75,79 0.5,78 0.5,76 0.5,78 0.5,0
0.25,75 0.25,71 0.25,75 0.25,76 0.25,78 1,76
0.25,73 0.25,76 0.25,78 0.25,80 1,78 0.25,73 0.25,76 0.25,78 0.25,80 0.25,78 0.5,0
0.5,80 0.5,73 2.5,71 0.5,0
1,80 0.5,73 2,71
0.25,68 0.25,71 0.5,71 0.25,68 1,71 0.25,68 0.5,71 0.5,73 0.5,75 0.5,71 0.75,71 0.25,68 1,68 1.5,0
0.25,68 0.25,71 0.5,73 0.25,68 1,71 0.25,68 0.5,71 0.5,78 0.5,75 0.5,71 0.75,71 0.25,68 1.5,75
0.25,71 0.25,78 0.5,76 0.5,73 0.5,73 0.25,71 0.75,76 1.25,73 0.25,71 0.5,76 0.5,73 0.25,76 0.75,78 1.5,68
0.25,71 0.25,78 0.5,76 0.5,73 0.25,76 0.75,73 0.5,76 0.5,73 0.5,76 0.25,78 0.75,80 0.125,76 0.125,78 1,76
0.25,76 0.25,78 0.25,76 0.25,78 0.25,80 0.5,81 0.5,80
0.25,76 0.25,78 0.25,78 0.5,76 0.25,71 0.5,83 0.5,80 0.5,78 0.5,80 0.5,0
0.25,76 0.25,78 0.25,78 0.5,76 0.25,71 0.5,83 0.5,80 0.5,78 0.5,76 0.5,0
0.25,76 0.25,78 0.25,78 0.5,76 0.25,71 0.5,83 0.5,80 0.5,71 0.5,80
0.5,78 0.25,77 0.5,78 0.75,80 0.5,76 0.5,73 0.25,71 0.5,73 0.25,71 0.75,69
0.25,73 0.5,76 0.25,73 0.75,80 0.5,78 0.5,78 0.5,76 0.75,0
0.25,72 0.25,76 0.5,73 0.75,79 0.5,78 0.5,76 0.5,78 0.5,0
0.25,75 0.25,71 0.25,75 0.25,76 0.25,78 1,76
0.25,73 0.25,76 0.25,78 0.25,80 1,78 0.25,73 0.25,76 0.25,78 0.25,80 0.25,78 0.5,0
0.5,83 0.25,80 0.25,76 0.5,78 0.5,0
0.25,76 0.25,78 0.25,78 0.5,76 0.25,71 0.5,83 0.5,80 0.5,78 0.5,80 0.5,0
0.25,76 0.25,78 0.25,78 0.5,76 0.25,71 0.5,83 0.5,80 0.5,78 0.5,76 0.5,0
0.25,76 0.25,78 0.25,78 0.5,76 0.25,71 0.5,83 0.5,80 0.5,71 0.5,80
0.5,78 0.25,77 0.5,78 0.75,80 0.5,76 0.5,73 0.5,85 0.25,83 0.125,81 0.125,83 0.75,81
0.25,73 0.5,76 0.25,73 0.75,80 0.5,78 0.5,78 0.5,76 0.75,0 0.25,72 0.25,76 0.5,73 0.75,79 0.5,78 0.5,76 0.5,80 0.5,0
0.25,75 0.25,71 0.25,75 0.25,76 0.25,78 1,76 0.25,73 0.25,76 0.25,78 0.25,80 1,78 0.25,73 0.25,76 0.25,78 0.25,80 0.25,78 0.5,0
0.5,80 0.75,80 0.25,73 0.5,73 0.25,71 1.25,71 0.5,0
0.5,80 0.5,80 0.5,73 0.5,73 0.25,71 1.25,71 0.5,0
0.5,80 0.5,80 0.5,73 0.5,73 0.25,78 1.25,78 0.5,0
0.5,80 0.5,80 0.5,73 0.5,83 0.5,80 0.5,80 0.25,78 0.25,80 0.5,78
0.5,80 0.5,80 0.5,73 0.5,73 0.25,71 1.25,71 0.5,0
0.5,80 0.5,80 0.5,73 0.5,73 0.25,71 1.25,71 0.5,0
0.5,80 0.5,80 0.5,73 0.5,73 0.25,78 1.25,78 0.5,0
0.5,80 0.5,80 0.5,73 0.5,83 0.25,80 0.5,83 0.5,85 0.25,80 2,78
0.25,76 0.25,78 0.25,78 1.75,76 0.5,0
0.5,81 0.5,79 0.25,78 0.5,79 0.75,81 0.5,77 0.5,74 0.5,86 0.25,84 0.125,82 0.125,84 0.75,82
0.25,74 0.5,77 0.25,74 0.75,81 0.5,79 0.5,79 0.5,77 0.75,0
0.25,73 0.25,77 0.5,74 0.75,80 0.5,79 0.5,77 0.5,81 0.5,0
0.25,76 0.25,72 0.25,76 0.25,77 0.25,79 1,77
0.25,74 0.25,77 0.25,79 0.25,81 1,79 0.25,74 0.25,77 0.25,79 0.25,81 0.75,79
1,81 0.5,74 2,72 0.5,0
0.5,81 0.5,74 1.5,72 1.5,0
0.5,81 0.5,74 2.5,79 0.5,0
0.5,81 0.5,81 0.5,74 0.75,84 0.25,81 0.5,81 0.5,79 0.125,79 0.125,81 1,79
1,81 0.5,74 1.5,72 0.5,0 0.5,81 0.5,74 1.5,72 1.5,0
0.5,81 0.5,74 2.5,79 0.5,0 1.25,81 0.25,74 2,77
