0.25,71 0.25,71 0.75,71 0.25,71 0.5,73 0.5,75 0.75,71
0.25,71 0.5,70 0.5,66 0.5,78 0.25,73 1.25,75 0.25,0
0.25,75 0.25,73 0.25,75 0.75,73 1,71 0.5,0
0.25,76 0.25,75 0.5,71 0.25,68 0.5,68 2,66 2.25,0
0.25,71 0.25,71 0.75,71 0.25,71 0.25,73 0.25,73 0.25,75 1,71
0.25,71 0.5,70 0.5,78 0.5,78 0.25,75 0.25,80 1,78 0.25,0
0.25,75 0.25,75 0.25,73 0.5,71 0.25,80 1,80
0.25,71 0.5,70 0.25,78 0.25,78 0.75,0
0.25,78 0.25,78 0.25,80 0.25,83 0.25,83 0.5,83 0.25,78 0.5,80 1.5,78 1,0
0.25,78 0.25,78 0.25,76 0.25,75 0.25,76 0.5,78 0.25,80 0.5,78 0.5,75
0.5,78 0.25,80 0.5,78 0.5,73 0.5,0
0.25,71 0.25,83 0.25,82 0.5,80 0.5,78 0.25,75 2,78
0.25,71 0.25,83 0.25,82 0.25,80 0.5,78 0.25,75 1,78
0.33,75 0.33,73 0.33,71 0.5,73 0.25,75 0.5,80 0.5,75 0.25,73 0.75,73
0.25,78 0.25,78 0.25,76 0.25,75 0.25,76 0.5,78 0.25,80 0.5,78 0.75,75
0.5,78 0.25,80 0.5,78 0.75,73 0.25,0
0.25,71 0.25,83 0.25,85 0.5,82 0.25,78 0.75,75 1.5,78 0.25,0
0.25,71 0.25,83 0.25,82 0.33,80 0.33,78 0.33,75 1,78
0.5,75 0.5,73 0.5,71 1.5,73 0.5,0
0.25,76 0.25,75 1,71 0.5,68 1.5,71
0.25,71 0.25,71 0.75,71 0.25,71 0.5,73 0.5,75 0.75,71
0.25,71 0.5,70 0.5,66 0.5,78 0.25,73 1.25,75 0.25,0
0.25,75 0.25,73 0.25,75 0.75,73 1.25,71 0.5,0
0.25,76 0.25,75 0.5,71 0.25,68 0.5,68 2,66 2.25,0
0.25,71 0.25,71 0.75,71 0.25,71 0.25,73 0.25,73 0.25,75 1,71
0.25,71 0.5,70 0.5,78 0.5,78 0.25,75 0.25,80 1,78 0.25,0
0.25,75 0.25,75 0.25,73 0.5,71 0.25,80 1,80
0.25,71 0.5,70 0.25,78 0.25,78 0.75,0
0.25,78 0.25,78 0.25,80 0.25,83 0.25,83 0.5,83 0.25,78 0.5,80 1.5,78 1,0
0.25,78 0.25,78 0.25,76 0.25,75 0.25,76 0.5,78 0.25,80 0.5,78 0.75,75
0.5,78 0.25,80 0.5,78 0.5,73 0.5,0
0.25,71 0.25,83 0.25,82 0.5,80 0.5,78 0.25,75 2,78
0.25,71 0.25,83 0.25,82 0.25,80 0.5,78 0.25,75 1,78
0.33,75 0.33,73 0.33,71 0.5,73 0.25,75 0.5,80 0.5,75 0.25,73 0.75,73
0.25,78 0.25,78 0.25,76 0.25,75 0.25,76 0.5,78 0.25,80 0.5,78 0.75,75
0.5,78 0.25,80 0.5,78 0.75,73 0.25,0
0.25,71 0.25,83 0.25,85 0.5,82 0.25,78 0.75,75 1.5,78 0.25,0
0.25,71 0.25,83 0.25,82 0.33,80 0.33,78 0.33,75 1,78
0.5,75 0.5,73 0.5,71 1.5,73 0.5,0
0.25,76 0.25,75 1,71 0.5,68 2.5,71
0.25,78 0.25,78 0.25,76 0.25,75 0.25,76 0.5,78 0.25,80 0.5,78 0.75,75
0.5,78 0.25,80 0.5,78 0.5,73 0.5,0
0.25,71 0.25,83 0.25,82 0.5,80 0.5,78 0.25,75 2,78
0.25,71 0.25,83 0.25,82 0.25,80 0.5,78 0.25,75 1,78
0.5,75 0.25,73 0.25,71 0.5,73 0.25,75 0.5,80 0.5,75 0.25,73 0.75,73
0.25,78 0.25,78 0.25,76 0.25,75 0.25,76 0.5,78 0.25,80 0.5,78 0.75,75 0.25,0
0.5,78 0.25,80 0.5,78 0.75,73
0.25,71 0.25,83 0.25,85 0.5,82 0.25,78 0.75,75 1.5,78 0.25,0
0.25,71 0.25,83 0.25,82 0.33,80 0.33,78 0.33,75 1,78
0.5,75 0.5,73 0.5,71 1.5,73 0.5,0
0.25,76 0.25,75 1.75,71 1,68 1.5,71
