1,64 0.5,71 1.5,66 0.5,62 1.5,64 0.5,67 1.5,66
0.5,62 1.5,64 0.5,67 1.5,66 0.5,62 4.5,71
1,71 0.5,76 1.5,74 0.5,67 0.5,66 0.5,64 0.5,64 0.5,71 1.5,66
0.5,62 1.5,64 0.5,67 1.5,66 0.5,62 4.5,64
1,72 0.5,76 1.5,74 0.5,69 1.5,71 0.5,76 1.5,76 0.25,0
0.25,67 0.25,67 0.25,67 0.5,69 0.25,71 1,72
0.25,64 0.5,71 0.25,71 0.75,69 0.5,71 1,68 3,64
1,72 0.5,76 1.5,74 0.5,69 1,71 0.5,71 0.5,76 1.5,76 0.25,0
0.25,76 0.25,76 0.25,76 0.5,76 0.25,78 1.25,79 0.5,79 0.25,76 0.5,78 0.75,79 3,78
0.5,76 0.5,79 0.5,81 0.5,79 0.5,76 0.5,76 1,76 0.5,74 0.5,76 3,76
0.5,76 0.5,79 0.5,81 0.25,79 0.75,76 0.5,76 0.75,76 0.25,74 0.75,74 0.25,83 3,83
0.5,83 0.5,84 1.5,83 0.25,81 1.25,78
0.33,78 0.33,79 0.33,81 0.5,81 0.25,79 0.75,78 0.5,79 1,76 0.33,0
0.33,76 0.33,79 0.75,81 0.25,79 0.5,76 0.5,76 0.75,76 0.25,74 0.75,74 0.25,76 4,76
1,64 0.5,71 1.5,66 0.5,62 1.5,64 0.5,67 1.5,66
0.5,62 1.5,64 0.5,67 1,66 0.5,62 0.5,62 4.5,71
1,71 0.5,76 1.5,74 0.5,67 0.5,66 0.5,64 0.5,64 0.5,71 1.5,66
0.5,62 1.5,64 0.5,67 1.5,66 0.5,62 4.5,64
1,72 0.5,76 1.5,74 0.5,69 1.5,71 0.5,76 1.5,76 0.25,0
0.25,67 0.25,67 0.25,67 0.5,69 0.25,71 1,72
0.25,64 0.5,71 0.25,71 0.75,69 0.5,71 1,68 3,64
1,72 0.5,76 1.5,74 0.5,69 1,71 0.5,71 0.5,76 1.5,76 0.25,0
0.25,76 0.25,76 0.25,76 0.5,76 0.25,78 1.25,79 0.5,79 0.25,76 0.5,78 0.75,79 3,78
0.5,76 0.5,79 0.5,81 0.5,79 0.5,76 0.5,76 1,76 0.5,74 0.5,76 3,76
0.5,76 0.5,79 0.5,81 0.25,79 0.75,76 0.5,76 0.75,76 0.25,74 0.75,74 0.25,83 3,83
0.5,83 0.5,84 1.5,83 0.25,81 1.25,78
0.33,78 0.33,79 0.33,81 0.5,81 0.25,79 0.75,78 0.5,79 1,76 0.33,0
0.33,76 0.33,79 0.75,81 0.25,79 0.5,76 0.5,76 0.75,76 0.25,74 0.75,74 0.25,76 3,76
0.5,76 0.5,79 0.5,81 0.5,79 0.5,76 0.5,76 1,76 0.5,74 0.5,76 3,76
0.5,76 0.5,79 0.5,81 0.25,79 0.75,76 0.5,76 0.75,76 0.25,74 0.75,74 0.25,83 3,83
0.5,83 0.5,84 1.5,83 0.25,81 1.25,78
0.33,78 0.33,79 0.33,81 0.5,81 0.25,79 0.75,78 0.5,79 1,76 0.33,0
0.33,76 0.33,79 0.75,81 0.25,79 0.5,76 0.5,76 0.75,76 0.25,74 0.75,74 0.25,76 3,76
0.5,76 0.5,79 0.5,81 0.5,79 1,76 0.75,76 7,76 1.5,74 1.5,76 6,76
