0.5,64 1,72 0.5,72 0.5,72 1,72 0.5,0
0.5,74 0.5,71 0.5,69 0.5,67 0.5,65 0.5,62 0.25,64 1.25,64
0.5,65 0.25,65 0.5,67 0.75,69 0.5,62 0.25,62 0.5,64 0.75,65 0.5,0
0.25,69 0.25,69 0.5,71 0.25,69 1.25,71 0.5,0
0.5,64 1,72 0.5,72 0.5,72 1,72 0.5,0
0.5,74 0.5,71 0.5,69 0.5,67 0.5,65 0.5,62 0.25,64 1.25,64
0.5,65 0.25,65 0.5,67 0.75,69 1,72 1,71 4,69
1,72 1,64 1,65 0.5,0 0.5,65 0.5,64 0.5,71 0.5,71 0.5,64 0.5,71 0.25,72 1,72 0.25,0
1,69 0.5,69 0.5,67 1,65 0.5,0 0.5,64 0.5,62 0.5,65 0.5,74 0.5,72 0.75,72 0.25,71 1,71
1,72 1,64 1,65 0.5,0 0.5,65 0.5,64 0.5,71 0.5,71 0.5,64 0.5,71 0.25,72 0.25,72 0.25,0
0.5,76 0.25,76 0.5,76 0.5,77 1,69 1,0 0.5,69 0.5,68 3,69 1,0
2,77 0.5,0 0.5,67 0.5,65 0.5,62 0.5,65 0.5,64 2,64 1,0
0.5,62 0.25,62 0.5,62 0.25,64 0.25,64 0.75,65 0.5,64 0.5,62 0.5,59 0.5,60 0.5,59 0.25,60 0.5,64 0.25,64 0.5,0
0.5,57 0.5,60 0.5,64 1,65 0.5,0 0.25,65 0.25,67 0.5,69 0.5,67 0.25,67 0.25,65 0.5,65 0.5,65 0.5,64 2,64 1,0
0.5,65 0.25,65 0.5,67 0.75,69 0.5,62 0.25,62 0.5,64 0.75,65 0.5,0 0.5,69 0.5,71 0.25,69 1.25,71 0.5,0
0.5,64 1,72 0.5,72 0.5,72 1,72 0.5,0
0.5,74 0.5,71 0.5,69 0.5,67 0.5,65 0.5,62 0.25,64 1.25,64
0.5,65 0.25,65 0.5,67 0.75,69 0.5,62 0.25,62 0.5,64 0.75,65 0.5,0 0.25,69 0.25,69 0.5,71 0.25,69 1.25,71 0.5,0
0.5,64 1,72 0.5,72 0.5,72 1,72 0.5,0
0.5,74 0.5,71 0.5,69 0.5,67 0.5,65 0.5,62 0.25,64 1.25,64
0.5,65 0.25,65 0.5,67 0.75,69 1,72 1,71 4,69
1,72 1,64 1,65 0.5,0 0.5,65 0.5,64 0.5,71 0.5,71 0.5,64 0.5,71 0.25,72 1,72 0.25,0
1,69 0.5,69 0.5,67 1,65 0.5,0 0.5,64 0.5,62 0.5,65 0.5,74 0.5,72 0.5,72 0.25,71 1,71 0.25,0
1,72 1,64 1,65 0.5,0 0.5,65 0.5,64 0.5,71 0.5,71 0.5,64 0.5,71 0.25,72 0.25,72 0.25,0
0.5,76 0.25,76 0.5,76 0.5,77 1,69 1,0 0.5,69 0.5,68 3,69 1,0
2,77 0.5,0 0.5,67 0.5,65 0.5,62 0.5,65 0.5,64 2,64 1,0
0.5,62 0.25,62 0.5,62 0.25,64 0.25,64 0.75,65 0.5,64 0.5,62 0.5,59 0.5,60 0.5,59 0.25,60 0.5,64 0.25,64 0.5,0
0.5,57 0.5,60 0.5,64 1,65 0.5,0 0.25,65 0.25,67 0.5,69 0.5,69 0.5,67 0.5,65 0.5,65 0.5,64 2,64 1,0
0.5,65 0.25,65 0.5,67 0.75,69 0.5,62 0.25,62 0.5,64 0.75,65 0.5,0 0.5,69 0.5,71 0.5,69 1,71 0.5,0
0.5,64 1,72 0.5,72 0.5,72 1,72 0.5,0
0.5,74 0.5,71 0.5,69 0.5,67 0.5,65 0.5,62 0.25,64 1.25,64
0.5,65 0.25,65 0.5,67 0.75,69 0.5,62 0.25,62 0.5,64 0.75,65 0.5,0 0.25,69 0.25,69 0.5,71 0.25,69 1.25,71 0.5,0
0.5,64 1,72 0.5,72 0.5,72 1,72 0.5,0
0.5,74 0.5,71 0.5,69 0.5,67 0.5,65 0.5,62 0.25,64 1.25,64
0.5,65 0.25,65 0.5,67 0.75,69 1,72 1,71 3,69 0.5,0
0.25,72 0.25,72 0.5,72 0.5,72 0.5,72 0.5,72 1,72 0.5,0
0.5,74 0.5,71 0.5,69 0.5,67 0.5,65 0.5,62 0.25,64 1.25,64
0.5,65 0.25,65 0.5,67 0.75,69 0.5,62 0.25,62 0.5,64 0.5,65 0.75,0
0.25,69 0.25,69 0.5,71 0.25,69 1.25,71 0.5,0
0.5,72 0.5,72 0.5,72 0.5,72 0.5,72 1,72 0.5,0
0.5,74 0.5,71 0.5,69 0.5,67 0.5,65 0.5,62 0.25,64 1.25,64
0.5,65 0.25,65 0.5,67 0.75,69 1,72 1,71 2,69 2,0
0.5,65 0.5,65 0.5,67 0.5,69 3.25,72 2,71 1.5,69 5,69
