0.25,66 0.25,75 0.5,75 0.25,75 0.5,73 0.5,71 0.25,70 0.5,71 3.25,68 1.75,0
0.25,66 0.25,75 0.5,75 0.25,75 0.5,73 0.5,71 0.25,70 0.5,66 2.25,75 3,0
0.25,75 0.25,73 0.25,71 2.25,73
0.25,71 0.75,66 0.5,68 0.5,70 1.75,71 1,0
0.25,68 0.25,75 0.25,73 0.25,71 1.25,73
0.25,73 0.25,71 0.25,73 2.25,71 0.5,0
0.5,71 0.5,75 0.5,78 2,80 0.5,0
0.5,83 0.5,82 0.5,78 2,75 0.5,0
0.5,75 0.5,78 0.5,75 2,71 0.5,0
0.25,73 0.25,71 0.5,70 0.5,71 2,68 0.5,0
0.5,68 0.5,71 0.5,75 2,80 0.5,0
0.25,82 0.25,83 0.5,85 0.5,83 0.75,82 2.25,78
0.33,78 0.33,76 0.33,75 2,76
1.5,75 0.25,71 4.25,71
0.25,66 0.25,75 0.5,75 0.25,75 0.5,73 0.5,71 0.25,70 0.5,71 3.25,68 1.75,0
0.25,66 0.5,75 0.25,75 0.25,75 0.5,73 0.25,73 0.25,73 0.5,73 0.25,75 0.75,78 3.5,75 0.75,0
0.5,75 0.25,78 0.25,75 1.25,73 0.5,0
0.25,71 0.5,71 0.25,73 0.5,75 0.5,73 2.25,75 0.75,0
0.25,68 0.25,75 0.25,73 0.25,71 1.25,73
0.25,73 0.25,71 0.25,73 2.25,71 0.5,0
0.5,71 0.5,75 0.5,78 2,80 0.5,0
0.5,83 0.5,82 0.5,78 2,75 0.5,0
0.5,75 0.5,78 0.5,75 2,71 0.5,0
0.25,73 0.25,71 0.5,70 0.5,71 2,68 0.5,0
0.5,68 0.5,71 0.5,75 2,80 0.5,0
0.25,82 0.25,83 0.5,85 0.5,83 0.75,82 2.25,78
0.33,78 0.33,76 0.33,75 2,76
1.5,75 0.25,71 3.25,71
0.5,71 0.5,75 0.5,78 2,80 0.5,0
0.5,83 0.5,82 0.5,78 2,75 0.5,0
0.5,75 0.5,78 0.5,75 2,71 0.5,0
0.25,73 0.25,71 0.5,70 0.5,71 2,68 0.5,0
0.5,68 0.5,71 0.5,75 2,80 0.5,0
0.25,82 0.25,83 0.5,85 0.5,83 0.75,82 2.25,78
0.33,78 0.33,76 0.33,75 0.75,76
1.5,75 0.25,71 3.25,71
0.5,78 0.5,76 0.5,75 2,76
1.75,75 0.25,71 4.25,71
