0.25,55 0.5,64 0.25,62 0.75,64 0.5,67 1,62 0.5,0
0.25,57 0.25,59 0.5,60 0.25,59 0.75,60 0.25,57 0.75,64 1.25,0
0.25,60 0.5,69 0.25,65 0.5,65 0.75,67 0.5,67 0.25,60 0.75,60 0.25,0
0.25,60 0.5,60 0.25,64 0.75,64 0.25,62 0.75,62 1.25,0
0.25,55 0.5,64 0.25,62 0.75,64 0.5,67 0.25,69 0.75,67 0.5,0
0.25,57 0.25,59 0.5,60 0.25,60 0.75,60 0.25,64 0.75,64 1,0
0.25,60 0.5,69 0.25,65 0.5,65 0.75,67 0.25,67 0.5,71 0.75,72 0.125,0
0.25,55 0.5,60 0.25,62 0.75,64 0.25,62 0.75,60 2.75,0
0.25,60 0.25,64 0.25,67 1.5,69 0.25,69 0.75,67 0.25,65 0.75,64 0.25,62 0.25,64 0.25,65 0.75,64 3,0
0.5,65 0.5,65 0.5,65 0.5,65 0.5,64 0.25,62 0.75,64 0.25,62 0.25,60 0.25,62 0.75,60 3,0
0.5,60 0.5,62 0.5,64 0.5,65 0.5,67 0.25,60 0.75,60 0.25,0
0.25,67 0.5,69 0.25,71 0.75,72 0.5,69 1,67 1,0
0.5,65 0.5,67 0.5,69 0.25,62 0.75,62 0.5,62 0.5,65 0.5,67 1.5,69 0.25,67 0.25,67 0.5,0
0.5,67 0.5,69 0.5,71 0.5,72 0.5,65 0.33,65 0.33,64 0.33,62 1,0
0.33,69 0.33,71 0.33,72 0.5,72 0.5,67 0.25,67 0.25,65 0.25,65 1.25,64
0.33,67 0.33,69 0.33,71 0.5,72 0.5,65 0.5,65 0.25,64 0.75,62
0.5,62 0.5,71 0.5,69 0.5,64 0.5,64 0.25,67 0.5,69 0.25,67 1,67
0.33,67 0.33,69 0.33,71 0.5,72 0.5,65 0.33,65 0.33,64 0.33,62 1,0
0.33,69 0.33,71 0.33,72 0.5,72 0.5,67 0.33,67 0.33,65 1.33,64 0.5,0
0.25,67 0.25,65 0.5,65 0.25,64 0.75,60
0.25,57 0.25,60 0.5,67 0.25,64 1.25,60 0.25,62 1.75,60
0.25,55 0.5,64 0.25,62 0.75,64 0.25,67 0.25,69 0.75,67 0.75,0
0.25,57 0.25,59 0.5,60 0.25,60 0.75,60 0.25,55 0.75,64 1.25,0
0.25,60 0.5,69 0.25,65 0.5,65 0.75,67 0.25,69 0.5,71 1,72
0.25,55 0.5,60 0.25,62 0.75,64 0.25,62 1.25,60 2.25,0
0.25,60 0.25,64 0.25,67 1.5,69 0.25,69 0.75,67 0.25,65 0.75,64 0.25,62 0.25,64 0.25,65 0.75,64 3,0
0.5,65 0.5,65 0.5,65 0.5,65 0.5,64 0.25,62 0.75,64 0.25,62 0.25,60 0.25,62 0.75,60 3,0
0.5,60 0.5,62 0.5,64 0.5,65 0.5,67 0.25,60 0.75,60 0.25,0
0.25,67 0.5,69 0.25,71 0.75,72 0.25,69 0.25,67 1,67 1,0
0.5,65 0.5,67 0.5,69 0.25,62 0.75,62 0.5,62 0.5,65 0.5,67 1.5,69 0.25,67 0.25,67 0.5,0
0.5,67 0.5,69 0.5,71 0.5,72 0.5,65 0.33,65 0.33,64 0.33,62 1,0
0.33,69 0.33,71 0.33,72 0.5,72 0.5,67 0.25,67 0.25,65 0.25,65 1.25,64
0.33,67 0.33,69 0.33,71 0.5,72 0.5,65 0.5,65 0.25,64 0.75,62
0.5,62 0.5,71 0.5,69 0.5,64 0.25,64 0.5,67 0.5,69 0.25,67 1,67
0.33,67 0.33,69 0.33,71 0.5,72 0.5,65 0.33,65 0.33,64 0.33,62 1,0
0.33,69 0.33,71 0.33,72 0.33,72 0.33,72 0.33,74 0.5,0 0.5,71 0.25,74 0.75,72 0.5,0
0.25,67 0.25,65 0.5,65 0.25,64 0.75,60
0.25,57 0.25,60 0.5,67 0.25,64 1.25,60 0.25,62 1.75,60
0.5,67 0.5,69 0.5,71 0.5,72 0.5,65 0.33,65 0.33,64 0.33,62 1,0
0.33,69 0.33,71 0.33,72 0.5,72 0.5,67 0.25,67 0.25,65 0.25,65 1.25,64
0.33,67 0.33,69 0.33,71 0.5,72 0.5,65 0.5,65 0.5,64 0.75,62
0.5,62 0.5,71 0.5,69 0.5,64 0.25,64 0.5,67 0.75,69 0.5,67
0.5,67 0.5,69 0.5,71 0.5,72 0.5,65 0.33,65 0.33,64 0.33,62 1,0
0.33,69 0.33,71 0.33,72 0.5,72 0.5,72 0.5,74 0.5,71 0.25,74 0.75,72 0.5,0
0.25,67 0.25,65 0.5,65 0.25,64 0.75,60
0.25,57 0.25,60 0.5,67 0.25,64 1,60 0.5,62 2,60
