0.25,65 0.5,77 0.5,77 0.5,75 0.25,75 0.75,72 0.5,72 0.5,70 0.25,68 0.75,72 3.5,70
0.5,72 0.25,72 0.75,70 0.5,70 0.5,68 0.25,68 0.75,70 0.5,68 2,65 2,0
0.5,77 0.5,77 0.5,75 0.25,75 0.75,72 0.5,72 0.5,70 0.25,68 0.75,72 2.5,70 0.5,0
0.25,63 0.5,72 0.5,72 0.5,70 0.5,70 1,68 0.5,70 0.5,68 3.25,65 0.5,0
0.25,68 0.25,65 0.75,72 2.25,70 0.5,0
0.25,68 0.25,65 0.75,72 2.25,70
0.5,70 0.25,68 4.25,65 3.5,0
0.25,77 0.5,84 0.5,84 0.5,82 0.5,82 0.5,80 0.5,77 0.75,84 2.25,82
0.75,75 0.75,87 2.5,84 0.75,75 0.75,87 0.25,82 2.25,80 1.5,0
0.25,77 0.25,80 0.5,84 0.5,82 0.5,82 0.25,80 1.5,77
0.25,77 0.25,80 0.5,84 0.5,82 0.5,82 0.25,80 1.25,75
0.5,80 0.25,77 0.25,75 2,77 5.5,0
0.25,77 0.5,84 0.5,84 0.5,82 0.5,82 0.5,80 0.5,77 0.75,84 2.25,82
0.75,75 0.75,87 0.25,84 0.25,82 2,84 0.75,75 0.75,87 0.25,82 2.25,80 1.25,0
0.25,77 0.25,80 0.5,84 0.5,82 0.5,82 0.25,80 1.5,77
0.25,77 0.25,80 0.5,84 0.5,82 0.5,82 0.25,80 1,75
0.5,80 0.25,77 0.25,75 2,77 6,0
3,77 0.75,84 2.25,82 2,0 3.5,82 0.5,80 2,75 2,0
0.25,84 0.25,82 3,84 0.25,82 0.25,80 3,77 0.75,0 0.25,75 3.25,82 0.25,80 0.25,82 0.25,80 2.75,77
0.25,65 0.5,77 0.5,77 0.5,75 0.25,75 0.75,72 0.5,72 0.5,70 0.25,68 0.75,72 3.5,70
0.5,72 0.25,72 0.75,70 0.5,70 0.5,68 0.25,68 0.75,70 0.5,68 2,65 2,0
0.5,77 0.5,77 0.5,75 0.25,75 0.75,72 0.5,72 0.5,70 0.25,68 0.75,72 2.5,70 0.75,0
0.25,63 0.5,72 0.5,72 0.5,70 0.5,70 1,68 0.5,70 0.5,68 3.25,65 0.5,0
0.25,68 0.25,65 0.75,72 2.25,70 0.5,0
0.25,68 0.25,65 0.75,72 2.25,70
0.5,70 0.25,68 4.25,65 3.5,0
0.25,77 0.5,84 0.5,84 0.5,82 0.5,82 0.5,80 0.5,77 0.75,84 2.25,82
0.5,75 1,87 2.5,84 0.5,75 1,87 0.25,82 2.25,80 1.5,0
0.25,77 0.25,80 0.5,84 0.5,82 0.5,82 0.25,80 1.75,77
0.25,77 0.25,80 0.5,84 0.5,82 0.5,82 0.25,80 1.25,75
0.5,80 0.25,77 0.25,75 2,77 5.5,0
0.25,77 0.5,84 0.5,84 0.5,82 0.5,82 0.5,80 0.5,77 0.75,84 2.25,82
0.75,75 0.75,87 0.25,84 0.25,82 1.75,84 0.125,0 0.75,75 1,87 0.25,82 2.25,80 1,0 0.125,0
0.25,77 0.25,80 0.5,84 0.5,82 0.5,82 0.25,80 1.75,77
0.25,77 0.25,80 0.5,84 0.5,82 0.5,82 0.25,80 1.25,75
0.5,80 0.25,77 0.25,75 2,77 6,0
3,77 0.75,84 2.25,82 2,0 3.5,82 0.5,80 2,75 2,0
0.25,84 0.25,82 3,84 0.25,82 0.25,80 3,77 0.5,0 0.5,75 3,82 1,0 0.75,80 3.5,77
