1.5,72 0.5,70 2,65 1,0
0.5,74 0.5,72 0.5,75 0.5,74 0.5,0 0.25,72 0.5,69 1.25,72 0.5,70 1,62 2,0
0.5,68 0.25,67 0.75,65 0.5,65 0.5,74 0.5,77 1.5,77 0.5,75 1,67 1,0
1.5,75 0.5,74 1,69 1,70 2,72 1.75,0 0.5,74 2.75,69 1,0
1.5,72 0.25,70 2,65 1.25,0
0.5,74 0.5,72 0.5,75 0.5,74 0.5,0 0.25,72 0.5,69 1.25,72 0.5,70 1,62 2,0
0.5,68 0.25,67 0.75,65 0.5,65 0.5,74 0.5,77 0.5,77 0.5,75 0.5,77 0.5,74 1,75 0.75,0
0.25,70 0.5,77 0.5,75 0.5,75 0.25,74 1,75 0.25,0 0.25,70 0.5,72 6,72 0.5,0
0.5,77 0.5,77 0.5,65 0.5,75 0.5,74 0.5,74 0.25,72 0.25,74 0.5,0
0.5,77 0.5,77 0.5,65 0.5,75 0.5,74 0.5,74 0.25,72 0.25,74 0.5,0
0.5,74 0.5,73 0.5,74 0.5,81 0.25,79 0.25,79 0.75,0 0.25,74 0.75,81 0.25,79 0.5,74 0.5,74 0.25,74 1.75,72 0.5,0
0.5,67 0.5,69 0.5,70 0.5,74 0.5,72 0.5,72 0.25,70 0.25,72 0.5,0
0.5,69 0.5,70 0.5,72 0.5,79 0.5,77 0.5,77 0.5,69 0.25,72 0.75,70 0.5,0
0.25,72 0.25,74 0.5,77 0.25,75 0.25,75 0.75,0 0.25,67 0.5,74 0.5,75 0.5,72 0.5,70 2,72 0.5,0
0.5,77 0.5,77 0.5,65 0.5,75 0.5,74 0.5,74 0.25,72 0.25,74 0.5,0
0.5,77 0.5,77 0.5,65 0.5,75 0.5,74 0.5,74 0.25,72 0.25,74 0.5,0
0.5,74 0.5,73 0.5,74 0.5,81 0.25,79 0.25,79 0.5,0 0.25,74 0.75,81 0.25,79 0.5,74 0.5,74 0.25,74 1,72 0.25,70 0.5,67 0.5,0
0.5,67 0.5,69 0.5,70 0.5,74 0.5,72 0.5,72 0.25,70 0.25,72 0.5,0
0.5,69 0.5,70 0.5,72 0.5,79 0.5,77 0.5,77 0.25,69 0.5,72 0.75,70 0.5,0
0.25,72 0.25,74 0.5,77 0.25,75 0.25,75 0.5,0 0.25,67 0.25,67 0.5,74 0.5,75 0.5,72 0.25,70 0.25,69 4,70
1.5,72 0.5,70 2,65 1,0
0.5,74 0.5,72 0.5,75 0.5,74 0.5,0 0.25,72 0.5,69 1.25,72 0.5,70 1,62 2,0
0.5,68 0.25,67 0.75,65 0.5,65 0.5,74 0.5,77 0.5,77 0.5,75 0.5,77 0.5,74 1,75 0.75,0
0.25,70 0.5,77 0.5,75 0.5,75 0.5,74 1,75 0.25,0 0.25,70 0.5,72 6,72 0.5,0
0.5,77 0.5,77 0.5,65 0.5,75 0.5,74 0.5,74 0.25,72 0.25,74 0.5,0
0.5,77 0.5,77 0.5,65 0.5,75 0.5,74 0.5,74 0.25,72 0.25,74 0.5,0
0.5,74 0.5,73 0.5,74 0.5,81 0.25,79 0.25,79 0.5,0 0.25,74 0.75,81 0.25,79 0.5,74 0.5,74 0.25,74 1.75,72 0.5,0
0.5,67 0.5,69 0.5,70 0.5,74 0.5,72 0.5,72 0.25,70 0.25,72 0.5,0
0.5,69 0.5,70 0.5,72 0.5,79 0.5,77 0.5,77 0.5,69 0.25,72 0.75,70 0.5,0
0.25,72 0.25,74 0.5,77 0.25,75 0.25,75 0.75,0 0.25,67 0.5,74 0.5,75 0.5,72 0.25,70 2,72 0.75,0
0.5,77 0.5,77 0.5,65 0.5,75 0.5,74 0.5,74 0.25,72 0.25,74 0.5,0
0.5,77 0.5,77 0.5,65 0.5,75 0.5,74 0.5,74 0.25,72 0.25,74 0.5,0
0.5,74 0.5,73 0.5,74 0.5,81 0.25,79 0.25,79 0.5,0 0.25,74 0.75,81 0.25,79 0.5,74 0.5,74 0.25,74 1.25,72 0.25,70 0.25,67 0.5,0
0.5,67 0.5,69 0.5,70 0.5,74 0.5,72 0.5,72 0.25,70 0.25,72 0.5,0
0.5,69 0.5,70 0.5,72 0.5,79 0.5,77 0.5,77 0.25,69 0.5,72 0.75,70 0.5,0
0.25,72 0.25,74 0.5,77 0.25,75 0.25,75 0.5,0 0.25,67 0.5,67 0.5,74 0.5,75 1.5,72 0.25,70 0.25,69 4,70
0.5,77 0.5,77 0.5,65 0.5,75 0.5,74 0.5,74 0.25,72 0.25,74 0.5,0
0.5,77 0.5,77 0.5,65 0.5,75 0.5,74 0.5,74 0.25,72 0.25,74 0.5,0
0.5,74 0.5,73 0.5,74 0.5,81 0.25,79 0.25,79 0.5,0 0.25,74 0.75,81 0.25,79 0.5,74 0.5,74 0.25,74 1.75,72 0.5,0
0.5,67 0.5,69 0.5,70 0.5,74 0.5,72 0.5,72 0.25,70 0.25,72 0.5,0
0.5,69 0.5,70 0.5,72 0.5,79 0.5,77 0.5,77 0.5,69 0.25,72 0.75,70 0.5,0
0.25,72 0.25,74 0.5,77 0.25,75 0.25,75 0.75,0 0.25,67 0.5,74 0.5,75 3,72 0.25,0 0.25,70 4.5,70 0.5,0
