0.25,70 0.25,72 0.25,74 0.25,75 0.5,74 1.5,0 0.5,74 0.5,77 0.5,74 0.25,74 0.25,72 0.5,72 2.5,0
0.25,70 0.25,69 1,70 0.5,0 0.5,67 0.5,69 0.5,79 0.5,77 0.5,70 0.25,72 0.25,72 0.5,74 2.5,0
0.25,72 0.25,74 1,70 1.5,0 0.5,79 0.5,81 0.5,79 0.5,77 0.5,72 0.5,70 0.5,70 1.5,0
0.25,70 0.25,72 0.25,74 0.25,75 0.5,74 0.5,0 0.5,67 1,70 1,69 0.25,70 0.25,69 0.5,67 3,0
0.5,79 0.25,79 0.25,79 0.75,79 0.25,70 1,0 0.5,70 0.5,79 1,77 0.5,77 0.25,74 1.25,77 1,0
0.25,75 0.25,75 0.25,75 0.25,75 0.75,75 1.25,69 0.5,70 0.5,72 0.25,74 0.25,75 0.5,74 3,0
0.5,67 0.25,69 0.25,70 1.5,0 0.5,70 0.5,69 0.5,67 1,79 0.5,77 0.5,77 1.5,0
0.25,74 0.25,74 0.25,75 0.25,75 0.5,70 1.5,0 0.5,67 0.5,70 0.5,77 0.5,74 1.5,74 1,0
0.25,70 0.25,72 0.25,70 1.25,74 0.5,0 0.25,70 0.25,70 0.5,69 0.5,0 0.5,70 0.5,72 0.25,67 0.25,65 0.5,65 2,0
0.25,62 0.25,60 0.25,59 0.25,60 1.5,0 0.25,64 0.25,64 1,65 0.5,71 0.5,66 0.25,69 0.25,67 0.5,67 2,0
0.25,67 0.25,69 0.25,67 1.25,71 0.5,0 0.25,64 0.25,67 0.5,67 0.5,67 1,69 0.5,62 1,69 1.5,67 0.5,0
0.25,59 0.25,60 0.25,62 0.25,59 1.5,67 1.5,0
0.25,59 0.25,60 0.25,62 0.25,60 1.5,69 1,0
0.25,69 0.25,67 0.25,66 0.25,67
0.25,67 0.25,69 0.25,71 0.25,72 0.5,71 1.5,0 0.5,71 0.5,74 0.5,71 0.25,71 0.25,69 0.5,69 2.5,0
0.25,70 0.25,69 1,70 0.5,0 0.5,67 0.5,69 0.5,79 0.5,77 0.5,70 0.25,72 0.25,72 0.5,74 2.5,0
0.25,72 0.25,74 1,70 1.5,0 0.5,79 0.5,81 0.5,79 0.5,77 0.5,72 0.5,70 0.5,70 1.5,0
0.25,70 0.25,72 0.25,74 0.25,75 0.5,74 0.5,0 0.5,67 1,70 1,69 0.25,70 0.25,69 0.5,67 3,0
0.25,79 0.25,79 0.25,79 0.25,79 0.75,79 0.25,70 1,0 0.5,70 0.5,79 1,77 0.5,77 0.25,74 1.25,77 1,0
0.25,75 0.25,75 0.25,75 0.25,75 0.75,75 1.25,69 0.5,70 0.5,72 0.25,74 0.25,75 0.25,74 0.25,74 3,0
0.5,67 0.25,69 0.25,70 1.5,0 0.5,70 0.5,69 0.5,67 1,79 0.5,77 0.5,77 1.5,0
0.25,74 0.25,74 0.25,75 0.25,75 0.5,70 1.5,0 0.5,67 0.5,70 0.5,77 0.5,74 1.5,74 1,0
0.25,70 0.25,72 0.25,70 1.25,74 0.5,0 0.25,70 0.25,70 0.5,69 0.5,0 0.5,70 0.5,72 0.25,67 0.25,65 0.5,65 2,0
0.25,62 0.25,60 0.25,59 0.25,60 1.5,0 0.25,64 0.25,64 1,65 0.5,71 0.5,66 0.25,69 0.25,67 0.5,67 2,0
0.25,67 0.25,69 0.25,67 1.25,71 0.5,0 0.25,64 0.25,67 0.5,67 0.5,67 1,69 0.5,62 1,69 1.5,67 0.5,0
0.25,59 0.25,60 0.25,62 0.25,59 1.5,67 1.5,0
0.25,59 0.25,60 0.25,62 0.25,60 1.5,69 1,0
0.25,69 0.25,67 0.25,66 0.25,67
0.25,67 0.25,69 0.25,67 1.25,71 0.5,0 0.25,67 0.25,67 0.5,66 0.5,0 0.5,67 0.5,69 0.25,64 0.25,62 0.5,62 2,0
0.25,62 0.25,60 0.25,59 0.25,60 1.5,0 0.25,64 0.25,64 1,65 0.5,71 0.5,66 0.25,69 0.25,67 0.5,67 2,0
0.25,67 0.25,69 0.25,67 1.25,71 0.5,0 0.25,64 0.25,67 0.5,67 0.5,67 1,69 0.5,62 1,69 1.5,67 0.5,0
0.25,59 0.25,60 0.25,62 0.25,59 1.5,67 1.5,0 0.25,59 0.25,60 0.25,62 0.25,60 1.5,69 1,0 0.25,69 0.25,67 0.25,66 0.25,67
0.25,67 0.25,69 0.25,67 1.25,71 0.5,0 0.25,67 0.25,67 0.5,66 0.5,0 0.5,67 0.5,69 0.25,64 0.25,62 0.5,62 2,0
0.25,62 0.25,60 0.25,59 0.25,60 1.5,0 0.25,64 0.25,64 1,65 0.5,71 0.5,66 0.25,69 0.25,67 0.5,67 2,0
0.25,67 0.25,69 0.25,67 1.25,71 0.5,0 0.25,64 0.25,67 0.5,67 0.5,67 1,69 0.5,62 1,69 1.5,67 0.5,0
0.25,59 0.25,60 0.25,62 0.25,59 1.5,67 1.5,0 0.25,59 0.25,60 0.25,62 0.25,60 1.5,69 1,0
0.25,69 0.25,67 0.25,66 0.25,67
