2,69 1,69 1.5,67 0.5,65 1,64 2,65 1,67 2,69
0.5,69 0.5,72 2,74 1,74 1.75,76 0.75,74 0.5,72 0.5,67 3,69 1.5,0
0.5,69 0.5,72 2,74 1,74 2,72 0.5,69 0.5,67 1.5,69 0.5,70 0.5,69 0.5,67 2,65
0.5,62 0.5,64 2,65 0.5,67 0.5,69 1.5,67 0.5,64 1,60 3,62 3,0
2,69 1,69 1.5,67 0.5,65 1,64 2,65 1,67 2,69
0.5,69 0.5,72 2,74 1,74 1.5,76 0.5,74 0.75,72 0.5,67 3,69 1.75,0
0.5,69 0.5,72 2,74 1,74 2,72 0.5,69 0.5,67 1.5,69 0.5,70 0.5,69 0.5,67 2,65
0.5,62 0.5,64 2,65 0.5,67 0.5,69 1.5,67 0.5,64 1,60 3,62 1,0
1,69 1,72 3,74 3,76 2,76 1,79 2,77
0.5,74 0.5,74 2,74 1,74 1.5,72 0.5,74 0.5,72 0.5,67 1,70 2,69 1,0
1,69 1,72 3,74 3,76 2,73 1,76 3,77
2,65 1,69 1.5,67 0.5,64 1,60 3,62 3,0
2,69 1,69 1.5,67 0.5,65 1,64 1.5,65 0.5,65 1,67 2,69
0.5,69 0.5,72 2,74 1,74 1.5,76 0.5,74 0.5,72 0.5,67 3,69 2,0
0.5,69 0.5,72 2,74 1,74 2,72 0.5,69 0.5,67 1.5,69 0.5,70 0.5,69 0.5,67 2,65
0.5,62 0.5,64 2,65 0.5,67 0.5,69 1.5,67 0.5,64 1,60 3,62 1,0
1,69 1,72 3,74 3,76 2,76 1,79 2,77
0.5,74 0.5,74 2,74 1,74 1.5,72 0.5,74 0.5,72 0.5,67 1,70 2,69 1,0
1,69 1,72 3,74 3,76 2,76 1,79 3,77
2,77 1,81 1.5,79 0.5,76 1,72 6,74 6,75
0.5,74 0.5,74 2,74 1,74 1.5,72 0.5,74 0.5,72 0.5,67 1,70 2,69 1,0
1,71 1,74 3,76 3,78 2,78 1,81 2,79
0.5,76 0.5,76 2,76 1,76 1.5,78 0.5,79 0.5,78 0.5,74 1,78 3,76
1,71 1,74 3,76 3,78 2,76 1,78 12,79 3,0
2,67 1,71 2,69 0.5,66 1,62 5,64 6.5,0
2,71 1,71 1.75,69 0.5,67 1,66 1.75,67 1,69 2,71
0.5,71 0.5,74 2,76 1,76 1.5,78 1,76 0.5,74 0.5,69 3,71 1.5,0
0.5,71 0.5,74 2,76 1,76 2,74 0.5,71 0.5,69 1.5,71 0.5,72 0.5,71 0.5,69 2,67
0.5,64 0.5,66 2,67 0.5,69 0.5,71 1.5,69 0.5,66 1,62 3,64 2,0
0.5,64 0.5,66 2,67 1,71 7,69 3.5,67 6,64
