0.5,58 0.5,61 1,63 0.5,66 1,68 0.5,66 0.5,61 0.5,59 0.5,58 0.5,61 0.5,66 0.5,66 1,0
0.5,66 0.5,65 1,63 1,66 0.5,65 1,61 1.5,61 2,0
0.5,58 0.5,61 1,63 0.5,66 1,68 0.5,66 0.5,61 0.5,59 0.5,58 0.5,61 0.5,65 0.5,66 1,0
0.5,66 0.5,65 1,63 1,66 0.5,65 0.5,61 0.5,61 0.5,61 1,63 2,0
0.5,63 0.5,65 1.5,66 0.5,65 0.5,63 0.5,65 1,66 0.5,0
0.5,65 0.5,63 0.5,65 0.5,66 0.5,65 0.5,61 0.5,63 0.5,61 0.5,54 0.5,54 0.5,63 0.5,61 0.5,54 0.5,56 0.5,61 1,58 2,0
0.5,63 0.5,65 1.5,66 0.5,65 0.5,63 0.5,65 1,66 0.5,0
0.5,65 0.5,63 0.5,65 0.5,66 0.5,68 0.5,70 0.5,71 0.5,71 0.5,66 0.5,66 0.5,70 0.5,68 0.5,66 1,66 3,0
0.5,70 0.25,73 0.25,70 0.5,68 0.5,66 0.25,63 0.5,66 0.75,68 0.5,0
0.5,70 0.25,73 0.25,70 0.5,68 0.5,66 0.25,61 0.5,66 0.75,66 0.5,0
0.5,70 0.25,73 0.25,70 0.5,68 0.5,0 0.25,70 0.5,73 0.5,73 0.75,75 0.25,73 0.25,71 2.5,70 1,0
0.5,70 0.25,73 0.25,70 0.5,68 0.5,66 0.25,63 0.5,66 0.75,68 0.5,0 0.5,70 0.25,73 0.25,70 0.5,68 0.5,66 0.25,63 0.5,66 0.75,66 0.5,0
0.25,66 0.25,65 0.25,63 0.25,65 0.75,63 0.25,63 1,68 0.5,65 0.5,63 0.5,65 1,65 2.5,66 1,0
0.25,66 0.25,68 0.5,70 0.25,68 0.25,66 0.5,66 0.25,63 0.25,65 0.5,66 0.25,65 0.25,63 0.5,61 0.25,58 0.25,61 0.5,63 0.25,65 0.25,66 0.25,65 0.25,61 0.5,61 1,61
0.25,58 0.25,58 0.25,61 0.25,61 0.5,63 0.25,65 0.25,66 0.5,65 0.25,66 0.25,68 0.5,70 0.25,68 0.25,66 0.5,65 0.25,61 1.25,61 2.5,0
0.25,66 0.25,68 0.5,70 0.25,68 0.25,66 0.5,66 0.25,63 0.25,65 0.5,66 0.25,65 0.25,63 0.5,61
0.25,61 0.25,61 0.25,63 0.25,63 0.25,65 0.25,66 0.25,65 0.25,61 0.25,61 0.5,63 0.25,61 0.5,0
0.75,63 0.75,61 0.75,63 0.75,66 0.75,68 0.75,70 0.5,68 0.5,66 1.5,66 2,0
1,75 0.5,73 0.5,71 1,70 0.25,68 0.25,70 0.75,71 0.25,70 0.25,68 0.5,66 0.25,68 0.25,70 0.5,71 0.25,70 0.25,68 0.5,66
0.25,63 0.25,65 0.5,66 0.25,65 0.25,63 0.75,61 0.5,61 0.75,63 0.75,66 0.75,65 0.75,61 0.75,58 2.25,63
1,75 0.5,73 0.5,71 1,70 0.25,68 0.25,70 1.5,71 0.25,70 0.25,68 1.5,70 2.5,0 0.5,71 0.5,70 0.5,68 0.5,66 0.5,66 15,0
0.5,70 0.25,73 0.25,70 0.5,68 0.5,66 0.25,63 0.5,66 0.75,68 0.5,0
0.5,70 0.25,73 0.25,70 0.5,68 0.5,66 0.25,63 0.5,66 0.75,66 0.5,0
0.5,70 0.25,73 0.25,70 0.5,68 0.5,0 0.25,70 0.5,73 0.5,73 0.75,75 0.25,73 0.25,71 2.5,70 1,0
0.25,70 0.25,70 0.25,73 0.25,70 0.5,68 0.5,66 0.25,63 0.5,66 0.75,68 0.5,0
0.5,70 0.25,73 0.25,70 0.5,68 0.5,66 0.25,63 0.5,66 0.75,66 0.5,0
0.25,66 0.25,65 0.25,63 0.25,65 1,63 1,68 0.5,65 0.5,61 0.5,58 1,65 1.5,66 2.5,0
0.5,73 0.25,70 0.25,68 0.25,66 0.25,68 0.5,68
0.5,73 0.25,70 0.25,68 0.25,66 0.25,68 0.5,68
0.5,73 0.25,70 0.25,68 0.25,66 0.25,68 0.5,68
0.5,73 0.25,70 0.25,68 0.25,66 0.25,68 0.5,68
0.5,73 0.25,70 0.25,68 0.25,66 0.25,68 0.5,68
0.5,73 0.25,70 0.25,68 0.25,66 0.25,68 0.5,68
0.5,75 0.25,73 0.25,71 0.25,71 0.25,73 0.5,73
0.5,75 0.25,73 0.25,71 0.25,71 0.25,73 0.5,73
0.5,73 0.25,70 0.25,68 0.25,66 0.25,68 0.5,68
0.5,73 0.25,70 0.25,68 0.25,66 0.25,68 0.5,68
0.5,73 0.25,70 0.25,68 0.25,66 0.25,68 0.5,68
0.5,73 0.25,70 0.25,68 0.25,66 0.25,68 0.5,68
0.5,73 0.25,70 0.25,68 0.25,66 0.25,68 0.5,68
0.25,66 0.25,68 0.5,70 0.5,71 0.5,68 1.5,68
0.5,58 0.5,61 1,63 0.5,66 1,68 0.5,66 0.5,61 0.5,59 0.5,58 0.5,61 0.5,66 0.5,66 1,0
0.5,66 0.5,65 1,63 1,66 0.5,65 1,61 1.5,61 2,0
0.5,58 0.5,61 1,63 0.5,66 1,68 0.5,66 0.5,61 0.5,59 0.5,58 0.5,61 0.5,65 0.5,66 1,0
0.5,66 0.5,65 1,63 1,66 0.5,65 0.5,61 0.5,61 1.5,63 2,0
0.5,70 0.25,73 0.25,70 0.5,68 0.5,66 0.25,63 0.5,66 0.75,68 0.5,0
0.5,70 0.25,73 0.25,70 0.5,68 0.5,66 0.25,61 0.5,66 0.75,66 0.5,0
0.5,70 0.25,73 0.25,70 0.5,68 0.5,0 0.25,70 0.5,73 0.5,73 0.75,75 0.25,73 0.25,71 2.5,70 1,0
0.5,70 0.25,73 0.25,70 0.5,68 0.5,66 0.25,63 0.5,66 0.75,68 0.5,0 0.5,70 0.25,73 0.25,70 0.5,68 0.5,66 0.25,63 0.5,66 0.75,66 0.5,0
0.25,66 0.25,65 0.25,63 0.25,65 0.75,63 0.25,63 1,68 0.5,65 0.5,63 0.5,65 1,65 1.5,66 2,0
1,63 0.25,63 0.25,65 0.5,66 1,68 0.5,70 0.5,66 1,66 0.25,70 0.25,68 0.5,66 1,68 0.5,73 0.5,70 1,70 0.5,66 0.5,61 1,63 0.5,61 0.5,59 2,61 2,0 1,63 0.25,63 0.25,65 0.5,66 1,68 0.5,70 0.5,66 1,66 0.25,70 0.25,68 0.5,66 1,68 0.5,73 0.5,70 1.5,75 0.5,70 1.5,68 0.25,66 0.25,68 1.5,70 0.25,68 0.25,66 2,66 1,63 0.25,63 0.25,65 0.5,66 1,68 0.5,70 0.5,66 1,66 0.25,70 0.25,68 0.5,66 1,68 0.5,73 0.5,70 1,70 0.5,66 0.5,61 1,63 0.5,61 0.5,59 2,61 2,0 1,63 0.25,63 0.25,65 0.5,66 1,68 0.5,70 0.5,66 1,66 0.25,70 0.25,68 0.5,66 1,68 0.5,73 0.5,70 1.5,75 0.5,70 1.5,68 0.25,66 0.25,68 1.5,70 0.25,68 0.25,66 2,66
