0.25,60 0.25,65 0.5,67 0.5,67 0.5,67 0.25,69 1.25,69 0.5,0
0.25,60 0.25,65 0.5,67 0.5,67 0.5,67 0.25,69 1.25,62 0.5,0
0.25,62 0.25,65 0.5,67 0.25,69 0.75,62
0.25,62 0.25,65 0.25,67 0.75,69 0.5,62 0.5,60 1,69 2.5,0
0.25,69 0.25,72 0.5,74 0.5,74 0.5,74 0.25,72 0.75,72 0.25,0
0.25,67 0.25,69 0.5,72 0.5,72 0.25,72 0.25,69 0.25,62 1.25,65 0.5,0
0.25,62 0.25,65 0.5,67 0.25,69 0.75,62
0.25,62 0.25,65 0.5,67 0.5,69 0.5,62 0.25,65 1.25,67 2.5,0
0.25,60 0.25,65 0.5,67 0.5,67 0.5,67 0.25,69 1.25,69 0.5,0
0.25,60 0.25,65 0.25,67 0.5,67 0.25,65 0.5,67 0.25,69 1.25,62 0.5,0
0.25,62 0.25,65 0.5,67 0.25,69 0.75,62
0.25,62 0.25,65 0.5,67 0.25,69 0.75,62 0.25,60 1.25,69 2.5,0
0.25,69 0.25,72 0.5,74 0.5,74 0.5,74 0.25,72 1.25,72 0.5,0
0.25,67 0.25,69 0.5,72 0.5,72 0.25,72 0.25,69 0.25,62 1.25,65 0.5,0
0.25,62 0.25,65 0.5,67 0.25,69 0.75,62
0.25,62 0.25,65 0.5,67 0.5,69 0.5,60 0.5,62 1,65 1.5,0
0.5,69 0.5,72 0.5,77 0.5,79 0.5,81 0.5,74 0.5,77 0.5,79 0.25,81 0.5,74
0.25,74 0.25,74 0.25,77 0.5,79 0.5,81 0.5,72 0.25,74 1.25,77 0.5,0
0.25,74 0.25,77 0.5,79 0.25,81 0.75,74
0.25,74 0.25,77 0.25,79 0.75,81 0.5,84 0.25,79 1.25,81 1.5,0
0.5,72 0.5,74 0.5,77 0.5,79 0.5,81 0.5,74 0.5,77 0.5,79 0.25,81 0.5,74
0.25,74 0.25,74 0.25,77 0.5,79 0.5,81 0.5,72 0.25,74 1.25,77 0.5,0
0.25,74 0.25,77 0.5,79 0.25,81 0.75,74
0.25,74 0.25,77 0.5,79 0.25,79 0.25,81 0.5,72 0.25,74 2.25,77
0.25,60 0.25,65 0.5,67 0.5,67 0.5,67 0.25,69 1.25,69 0.5,0
0.25,60 0.25,65 0.25,67 0.5,67 0.25,65 0.5,67 0.25,69 1.25,62 0.5,0
0.25,62 0.25,65 0.5,67 0.25,69 0.75,62
0.25,62 0.25,65 0.5,67 0.25,69 0.75,62 0.25,60 1.25,69 2.5,0
0.25,69 0.25,72 0.5,74 0.5,74 0.5,74 0.25,72 1.25,72 0.5,0
0.25,67 0.25,69 0.5,72 0.5,72 0.25,72 0.25,69 0.25,62 1.25,65 0.5,0
0.25,62 0.25,65 0.5,67 0.25,69 0.5,62
0.25,62 0.25,65 0.5,67 0.5,69 0.5,60 0.5,62 1,65 1.5,0
0.5,69 0.5,72 0.5,77 0.5,79 0.5,81 0.5,74 0.5,77 0.5,79 0.25,81 0.5,74
0.25,74 0.25,74 0.25,77 0.5,79 0.5,81 0.5,72 0.25,74 1.25,77 0.5,0
0.25,74 0.25,77 0.5,79 0.25,81 0.75,74
0.25,74 0.25,77 0.25,79 0.75,81 0.5,84 0.25,79 1.25,81 1.25,0
0.5,72 0.5,74 0.5,77 0.5,79 0.5,81 0.5,74 0.5,77 0.5,79 0.25,81 0.5,74
0.25,74 0.25,74 0.25,77 0.5,79 0.5,81 0.5,72 0.25,74 1.25,77 0.5,0
0.25,74 0.25,77 0.5,79 0.25,81 0.75,74
0.25,74 0.25,77 0.25,79 0.5,79 0.25,81 0.5,72 0.25,74 2.25,77
0.5,69 0.5,72 0.5,77 0.5,79 0.5,81 0.5,74 0.5,77 0.5,79 0.25,81 0.5,74
0.25,74 0.25,74 0.25,77 0.5,79 0.5,81 0.5,72 0.25,74 1.25,77 0.5,0
0.25,74 0.25,77 0.5,79 0.25,81 0.75,74
0.25,74 0.25,77 0.25,79 0.5,79 0.25,81 0.5,84 0.25,79 1.25,81 1.5,0
0.5,72 0.5,74 0.5,77 0.5,79 0.5,81 0.5,74 0.5,77 0.5,79 0.25,81 0.5,74
0.25,74 0.25,74 0.25,77 0.5,79 0.5,81 0.5,72 0.25,74 1.25,77 0.5,0
0.25,74 0.25,77 0.5,79 0.25,81 0.75,74
0.25,74 0.25,77 0.25,79 0.5,79 0.25,81 0.5,72 0.25,74 2.25,77
