0.5,72 0.5,72 0.5,71 0.5,72 0.5,72 0.5,72 0.25,74 1.25,74 0.5,0
0.25,74 0.5,74 0.5,74 0.25,74 0.25,72 0.25,72 0.25,72 0.5,0
0.25,72 0.75,72 0.5,72 0.5,72 0.25,72 0.75,72 0.25,72 0.25,71 0.5,71 1.5,74 2.5,0
0.5,72 0.5,72 0.5,72 0.5,72 0.5,71 0.5,72 0.5,74 0.75,74 1,0
0.25,74 0.5,74 0.25,74 0.75,74 0.25,76 1.25,76 1,0
0.5,76 0.25,74 0.5,72 0.5,74 2.25,74 0.5,0
0.25,71 0.75,69 0.25,71 0.5,72 1.75,69
0.5,64 0.25,64 1,64 0.25,72 1,71 1,0
0.5,71 0.25,71 0.75,69 0.5,71 2,72 0.5,0
1,72 0.5,74 1,74 1.5,0
0.5,67 0.5,76 0.25,74 1.25,76 1,0
0.5,76 0.25,74 0.5,76 0.5,72 0.5,71 0.25,79 1.5,79
0.5,76 0.25,74 0.75,76 0.25,71 0.75,69 1.5,81
0.5,79 0.25,77 0.75,76 0.25,77 0.25,77 2,76
0.5,76 0.25,74 0.75,76 0.25,71 1.25,69 1,81
0.5,79 0.25,77 0.75,76 0.25,77 2.25,79 0.5,0
0.25,72 0.25,74 0.5,76 0.25,74 0.25,76 0.5,0
0.25,72 0.25,74 0.25,76 0.25,74 0.25,74 0.25,76 0.5,0
0.25,72 0.25,74 0.5,76 0.25,74 2.25,77 0.5,0
0.5,67 0.5,76 0.25,74 1.25,76 0.75,0
0.25,67 0.5,76 0.25,74 0.5,76 0.25,72 0.25,71 0.5,71 0.5,79 1.25,79
0.5,76 0.25,74 0.75,76 0.5,71 0.5,69 0.5,81 1,81
0.5,79 0.25,77 0.75,76 0.25,77 0.25,77 2,76
0.5,79 0.5,77 0.5,76 0.5,71 1,69 1,81
0.5,79 0.5,77 0.25,76 0.5,77 2.25,79 0.5,0
0.25,72 0.25,74 0.5,76 0.25,74 0.25,76 0.5,0
0.25,72 0.25,74 0.5,76 0.25,74 0.25,76 0.5,0
0.25,72 0.25,74 0.5,76 0.25,74 2.25,77
0.5,77 0.25,76 1,77 0.25,71 3,72
0.5,72 0.5,71 0.5,69 0.25,71 0.5,72 1.75,69
0.5,64 0.5,64 0.5,64 0.25,71 2.25,71
0.5,71 0.5,71 0.25,69 0.25,67 0.25,67 2.25,69 0.5,0
0.25,69 0.25,69 0.5,72 0.25,76 0.75,79 1.5,76
0.5,79 1.5,76
2,79 0.5,0
0.5,67 0.5,76 0.25,74 1.25,76 1,0
0.5,76 0.25,74 0.5,76 0.5,72 0.5,71 0.25,79 1.5,79
0.5,76 0.25,74 0.75,76 0.25,71 0.75,69 1.5,81
0.5,79 0.25,77 0.75,76 0.25,77 0.25,77 2,76
0.5,76 0.25,74 0.75,76 0.25,71 1.25,69 1,81
0.5,79 0.25,77 0.75,76 0.25,77 2.25,79 0.5,0
0.25,72 0.25,74 0.5,76 0.25,74 0.25,76 0.5,0
0.25,72 0.25,74 0.25,76 0.25,74 0.25,74 0.25,76 0.5,0
0.25,72 0.25,74 0.5,76 0.25,74 2.25,77 0.5,0
0.5,67 0.5,76 0.25,74 1.25,76 0.75,0
0.25,67 0.5,76 0.25,74 0.5,76 0.25,72 0.25,71 0.5,71 0.5,79 1.25,79
0.5,76 0.25,74 0.75,76 0.5,71 0.5,69 0.5,81 1,81
0.5,79 0.25,77 0.75,76 0.25,77 0.25,77 2,76
0.5,79 0.5,77 0.5,76 0.5,71 1,69 1,81
0.5,79 0.5,77 0.25,76 0.5,77 2.25,79 0.5,0
0.25,72 0.25,74 0.5,76 0.25,74 0.25,76 0.5,0
0.25,72 0.25,74 0.5,76 0.25,74 0.25,76 0.5,0
0.25,72 0.25,74 0.5,76 0.25,74 2.25,77
0.5,77 0.25,76 1,77 0.25,71 4,72
0.5,76 0.5,74 2.5,76
0.5,76 0.25,74 0.5,76 0.5,72 0.5,71 0.25,79 1.5,79
0.5,76 0.25,74 0.75,76 0.25,71 0.75,69 1.5,81
0.5,79 0.25,77 0.75,76 0.25,77 0.25,77 2,76
0.5,76 0.25,74 0.75,76 0.25,71 1.25,69 1,81
0.5,79 0.25,77 0.75,76 0.25,77 2.25,79 0.5,0
0.25,72 0.25,74 0.5,76 0.25,74 0.25,76 0.5,0
0.25,72 0.25,74 0.25,76 0.25,74 0.25,74 0.25,76 0.5,0
0.25,72 0.25,74 0.5,76 0.25,74 2.25,77 0.5,0
0.5,67 0.5,76 0.25,74 1.25,76 0.75,0
0.25,67 0.5,76 0.25,74 0.5,76 0.25,72 0.25,71 0.5,71 0.5,79 1.25,79
0.5,76 0.25,74 0.75,76 0.5,71 0.5,69 0.5,81 1,81
0.5,79 0.25,77 0.75,76 0.25,77 0.25,77 2,76
0.5,79 0.5,77 0.5,76 0.5,71 1,69 1,81
0.5,79 0.5,77 0.25,76 0.5,77 2.25,79 0.5,0
0.25,72 0.25,74 0.5,76 0.25,74 0.25,76 0.5,0
0.25,72 0.25,74 0.5,76 0.25,74 0.25,76 0.5,0
0.25,72 0.25,74 0.5,76 0.25,74 4,77
0.5,77 0.25,76 0.75,77 0.5,71 4,72 1,71 1,0
0.5,77 0.25,76 1,74 0.25,71 3,72 0.25,74 0.75,76 3,74 1,0
