0.5,69 0.25,66 0.75,69 0.5,66 0.25,69 0.5,71 1.25,73
0.25,76 0.5,76 0.75,76 0.5,78 0.5,78 0.25,69 1.25,71
0.5,74 0.25,71 0.75,74 0.25,71 0.75,74 0.25,76 0.75,77 0.5,76 1,74 0.5,70 1,69 0.5,67 1,69
0.5,69 0.25,66 1.25,69 0.25,69 0.5,71 1.25,73
0.25,76 0.75,76 0.25,76 0.75,78 0.5,78 0.25,71 1.25,74 0.5,0
0.25,71 1.25,74 0.25,0 0.25,71 0.25,74 0.25,76 1,77 0.5,76 1.5,74 0.5,0 0.25,69 0.5,71 1.5,74
0.25,69 0.25,71 0.75,74 0.5,74 0.25,76 3.25,73 0.75,0 0.25,69 0.5,71 1.25,74
0.25,69 0.25,71 0.5,74 0.25,71 0.75,74 0.25,71 3,76 0.5,0 0.5,69 1,69 1,69 2,69 1,0
0.25,78 0.25,78 0.25,81 0.25,78 0.25,78 0.25,78 0.25,81 0.25,78 0.5,79 0.25,78 1.25,73
0.25,78 0.25,78 0.25,81 0.25,78 0.25,78 0.25,78 0.25,81 0.25,78 0.25,79 0.5,78 1.25,74
0.25,78 0.25,78 0.25,81 0.25,78 0.25,78 0.5,81 0.25,83 0.5,74 0.5,74 0.25,74 0.5,70 1,74
0.25,78 0.33,79 0.33,78 0.33,74 0.5,79 0.25,78 1.25,74
0.25,78 0.25,78 0.25,81 0.25,78 0.25,78 0.25,78 0.25,81 0.25,78 0.5,79 0.25,78 1.25,73
0.25,78 0.75,81 0.25,78 0.25,78 0.25,81 0.25,78 0.25,79 0.5,78 1.25,74
0.25,78 0.5,81 0.75,83 0.5,74 0.25,76
0.75,78 0.25,79 0.5,78 0.25,79 0.5,78 0.25,79 0.5,78 0.25,79 0.25,78
0.25,74 1,76 3.5,74 2.5,73 0.5,0
0.5,73 1.25,76 3.25,74 3.5,71 0.5,79 0.25,78 1.25,74
0.5,69 0.5,66 0.5,69 0.5,66 0.25,69 0.5,71 1.25,73
0.25,76 0.5,76 0.75,76 0.5,78 0.5,78 0.25,69 1.25,71
0.5,74 0.25,71 0.75,74 0.25,71 0.75,74 0.25,76 0.75,77 0.5,76 1,74 0.5,70 1,69 0.5,67 1,69
0.5,69 0.25,66 1.25,69 0.25,69 0.5,71 1.25,73
0.25,76 0.75,76 0.25,76 0.75,78 0.5,78 0.25,71 1.25,74 0.5,0
0.25,71 1.25,74 0.25,0 0.25,71 0.25,74 0.25,76 1,77 0.5,76 1.5,74 0.5,0 0.25,69 0.5,71 1.5,74
0.25,69 0.25,71 0.75,74 0.5,74 0.25,76 1.75,73 0.25,71 1.25,69 0.5,0 0.5,69 0.5,71 1.25,74
0.25,71 0.75,74 0.25,71 0.5,74 0.5,76 0.5,81 1,78 0.25,79 0.25,76 1,76 0.25,76 0.25,78 0.25,76 0.25,74 1,0
0.25,78 0.25,78 0.25,81 0.25,78 0.25,78 0.25,78 0.25,81 0.25,78 0.5,79 0.25,78 1.25,73
0.25,78 0.25,78 0.25,81 0.25,78 0.25,78 0.25,78 0.25,81 0.25,78 0.25,79 0.5,78 1.25,74
0.25,78 0.25,78 0.25,81 0.25,78 0.25,78 0.5,81 0.25,83 0.5,74 0.5,74 0.25,74 0.5,70 1,74
0.25,66 0.25,79 0.25,78 0.25,74 0.25,79 0.25,78 0.25,74 0.25,74 0.25,76 1,74
0.25,78 0.25,78 0.25,81 0.25,78 0.25,78 0.25,78 0.25,81 0.25,78 0.5,79 0.25,78 1.25,73
0.25,78 0.75,81 0.25,78 0.25,78 0.25,81 0.25,78 0.25,79 0.5,78 1.25,74
0.25,78 0.5,81 0.25,83 0.5,74 0.5,74 0.25,76 0.75,78
0.25,79 0.5,78 0.25,79 0.5,78 0.25,79 0.5,78 0.25,79 0.25,78
0.25,74 1,76 3.5,74 2.5,73 0.5,0
0.5,73 1.25,76 2.75,74 0.5,74 3.5,81 1.5,0
0.5,71 0.5,74 0.5,76 0.25,76 0.25,78 0.25,76 0.25,74
0.25,74 0.25,76 0.25,76 0.25,78 0.25,76 0.25,74 0.5,74 0.5,74 0.25,76 0.5,78 0.5,81 1.25,81 1,0
0.25,74 0.5,76 0.25,77 0.5,76 0.5,74 0.5,74 0.5,69 0.67,83 0.67,83 0.67,85 0.5,81 0.25,82 0.25,81 0.25,79 1.75,81 2,0
0.25,78 0.25,78 0.25,81 0.25,78 0.25,78 0.25,78 0.25,81 0.25,78 0.5,79 0.25,78 1.25,73
0.25,78 0.25,78 0.25,81 0.25,78 0.25,78 0.25,78 0.25,81 0.25,78 0.25,79 0.5,78 1.25,74
0.25,78 0.25,78 0.25,81 0.25,78 0.25,78 0.5,81 0.25,83 0.5,74 0.5,74 0.25,74 0.5,70 1,74
0.25,66 0.25,79 0.25,78 0.25,74 0.25,79 0.25,78 0.25,74 0.25,74 0.25,76 1,74
0.25,78 0.25,78 0.25,81 0.25,78 0.25,78 0.25,78 0.25,81 0.25,78 0.5,79 0.25,78 1.25,73
0.25,78 0.75,81 0.25,78 0.25,78 0.25,81 0.25,78 0.25,79 0.5,78 1.25,74
0.25,78 0.5,81 0.25,83 0.5,74 0.5,74 0.25,76 0.75,78
0.25,79 0.5,78 0.25,79 0.5,78 0.25,79 0.5,78 0.25,79 0.25,78
0.25,74 1,76 3.5,74 2.5,73 0.5,0
0.5,73 1.25,76 3.5,74 4.25,81 6.5,0
0.5,73 1.25,76 2.75,74
