0.25,77 0.5,82 0.5,82 0.5,82 0.25,81 0.5,81 1.25,82
0.25,77 0.25,77 1,81 0.5,81 0.25,81 0.25,82 0.25,81 1.25,79
0.25,77 0.25,77 0.5,82 0.25,82 0.25,82 0.5,82 0.25,79 0.5,82 1.25,79
0.25,77 0.25,77 0.5,84 0.5,84 0.25,84 0.25,82 0.25,82 0.75,86 1,84
0.25,81 0.25,81 1,82 0.5,82 0.25,81 0.5,81 1.5,82
0.25,77 1,81 0.5,81 0.25,82 0.5,81 1.25,79
0.25,77 0.25,77 0.5,82 0.5,82 0.5,82 0.25,82 1.25,79 0.5,0
0.25,77 0.25,77 0.25,84 0.75,84 0.25,84 0.5,84 0.25,82 0.5,86 0.25,84 0.5,84
0.25,82 0.25,84 0.25,82 0.5,89 0.5,89 0.5,89 0.25,86 0.25,84 1,86
0.5,81 0.25,81 0.25,77 0.5,81 0.5,81 0.25,81 0.5,81 0.25,82 1,79
0.25,77 0.5,79 0.25,77 0.5,82 0.5,82 0.25,82 0.5,79 0.25,77 1,82
0.25,82 0.25,82 0.25,79 0.25,77 0.5,84 0.5,84 0.25,84 0.5,82 0.25,82 1,84
0.25,82 0.5,84 0.25,82 0.5,89 0.5,89 0.25,89 0.5,86 0.25,84 1,86
0.25,81 0.5,81 0.25,77 0.5,81 0.5,81 0.25,81 0.5,81 0.25,82 0.25,81 0.75,79
0.25,77 0.5,79 0.25,77 0.5,82 0.5,82 0.25,82 0.5,82 0.25,82 1,79
0.25,82 0.25,82 0.25,79 0.25,77 0.25,84 0.5,84 0.25,84 0.25,84 0.5,82 0.25,81 0.25,81 1.75,82
0.25,77 0.5,82 0.5,82 0.5,82 0.25,81 0.25,82 0.25,81 1.25,77
0.25,74 0.25,74 0.5,82 0.25,82 0.25,82 0.5,81 0.25,82 0.75,81 1,79
0.25,77 0.25,77 0.5,82 0.25,82 0.25,82 0.25,82 0.25,82 0.25,82 0.25,82 1.5,79
0.25,77 0.25,77 0.25,84 0.25,84 0.25,84 0.25,84 0.25,84 0.25,82 0.25,82 0.5,86 0.25,84 1,84
0.25,77 0.25,77 0.5,82 0.5,82 0.5,82 0.25,81 0.5,81 1.25,77
0.25,74 0.25,74 0.5,82 0.5,82 0.25,82 0.5,82 0.25,82 0.25,79 0.25,81 0.75,79
0.25,77 0.25,79 0.25,77 0.5,82 0.5,82 0.25,82 0.5,79 0.25,77 0.25,82 1,79
0.25,82 0.25,82 0.25,79 0.5,84 0.5,84 0.5,84 0.25,82 0.5,81 0.75,82
0.25,82 0.5,84 0.25,82 0.5,89 0.5,89 0.5,89 0.25,86 0.25,84 0.25,84 0.75,86
0.5,81 0.25,81 0.25,77 0.5,81 0.5,81 0.25,81 0.5,81 0.25,82 0.25,81 0.75,79
0.25,77 0.5,79 0.25,77 0.5,82 0.5,82 0.25,82 0.5,79 0.25,77 0.25,82 0.75,79
0.25,82 0.25,82 0.25,79 0.25,77 0.5,84 0.5,84 0.25,84 0.5,82 0.75,86 0.5,84
0.25,82 0.5,84 0.25,82 0.5,89 0.5,89 0.25,89 0.5,86 0.25,84 0.25,84 0.75,86
0.25,81 0.5,81 0.25,77 0.5,81 0.5,81 0.25,81 0.5,81 0.25,82 0.25,81 0.75,79
0.25,77 0.5,79 0.25,77 0.5,82 0.5,82 0.25,82 0.5,79 0.25,77 0.25,82 0.75,79
0.25,82 0.25,82 0.25,79 0.25,77 0.5,84 0.25,84 0.25,82 0.25,82 0.75,81 1,82
0.25,82 0.5,84 0.25,82 0.5,89 0.5,89 0.5,89 0.25,86 0.5,89 0.75,86
0.5,81 0.25,81 0.25,81 0.5,81 0.5,81 0.25,81 0.25,81 0.25,81 0.25,82 0.25,81 0.75,79
0.25,77 0.5,79 0.25,77 0.5,82 0.5,82 0.5,82 0.25,79 0.5,82 0.5,79
0.25,79 0.5,82 0.25,82 0.25,79 0.5,84 0.5,84 0.5,84 0.25,82 0.5,86 0.25,84 0.5,84
0.25,82 0.5,84 0.25,82 0.5,89 0.5,89 0.5,89 0.25,86 0.5,89 0.75,86
0.25,81 0.5,81 0.25,77 0.5,81 0.5,81 0.5,81 0.25,82 0.5,81 0.75,79
0.25,77 0.5,79 0.25,77 0.5,82 0.5,82 0.5,82 0.25,79 0.5,82 0.75,79
0.25,77 0.25,77 0.25,77 0.25,77 0.25,84 0.5,84 0.25,84 0.25,84 0.5,82 0.5,81 0.75,82
