0.5,69 0.5,69 0.5,72 0.5,72 0.5,77 0.5,77 0.5,76 0.5,76 0.5,74 0.5,69 2.5,74 0.5,0
0.5,74 0.5,74 0.5,76 0.5,76 0.5,81 0.5,81 0.5,76 0.5,76 0.5,72 0.5,69 2.5,72 0.5,0
0.5,69 0.5,69 0.5,72 0.5,72 0.5,77 0.5,77 0.5,76 0.5,76 0.5,74 0.5,69 0.5,74 1,0
0.5,74 1,76 0.5,74 0.5,76 1,81 1,79 4.5,77 0.5,0
0.5,69 0.5,69 0.5,72 0.5,72 0.5,77 0.5,77 0.5,76 0.5,76 0.5,74 0.5,69 2.5,74 0.5,0
0.5,74 0.5,74 0.5,76 0.5,76 0.5,81 0.5,81 0.5,76 1,76 0.5,69 2.5,72 0.5,0
0.5,69 0.5,69 0.5,72 0.5,72 0.5,77 0.5,77 0.5,76 0.5,76 0.5,77 0.5,69 0.5,74 0.5,0
0.5,74 0.5,77 1,76 0.5,74 0.5,76 1,81 1,79 2.5,77
0.5,81 0.25,79 0.75,77 0.5,76 0.5,74 0.5,74 0.5,74 0.5,74 0.5,74 1,81 2.5,79
0.5,79 0.25,77 0.75,76 0.5,74 0.5,72 0.5,72 1,72 0.5,72 1,79 2,77
0.5,77 0.5,77 0.5,72 0.5,72 0.5,65 1,69 0.5,67 2,74
1,74 0.5,74 0.5,74 0.25,74 0.75,77 0.5,74
0.5,77 0.5,74 0.5,77 0.5,77 0.5,77 0.5,77 0.5,81 1,79 2,79
0.5,69 0.5,81 0.25,79 0.75,77 0.5,79 0.5,81 0.5,72 0.5,79 1,81 0.5,72 0.5,79 1,81
0.5,79 0.5,79 0.25,81 0.75,82 0.5,81 0.5,79 0.5,76
0.5,77 0.5,69 0.5,74 1,77 0.5,69 0.5,74 1,76
0.5,76 0.5,76 0.25,81 0.75,84 0.5,81 0.5,77 0.5,76 0.5,74 0.25,82 1.25,82 0.5,0
0.5,84 0.5,82 0.5,81 0.5,72 0.25,81 1.25,81 0.5,0
0.5,82 0.5,81 0.5,77 0.5,82 0.25,79 1.25,79 0.5,0
0.5,79 0.5,77 1,81 1,79 1,81 1,79 0.5,77
0.5,81 0.5,72 0.5,79 1,81 0.5,72 0.5,79 0.5,81 0.5,0
0.5,79 0.5,79 0.25,81 0.75,82 0.5,84 0.5,79 0.5,76
0.5,77 0.5,69 0.5,74 0.5,77 0.5,0 0.5,69 0.5,74 0.5,76 0.5,0
0.5,76 0.5,76 0.25,81 0.75,84 0.5,81 0.5,77 0.5,76 0.5,74 0.25,82 1.25,82 0.5,0
0.5,84 0.5,82 0.5,81 0.5,72 0.25,81 1.25,81 0.5,0
0.5,82 0.5,81 0.5,77 0.5,71 0.25,79 3.25,79 0.5,0
0.5,81 0.5,77 0.5,77 1,81 0.75,79 4,77
0.5,69 0.5,69 0.25,72 0.75,72 0.5,77 0.5,77 0.5,76 0.5,76 0.5,74 0.5,69 2.5,74 0.5,0
0.5,74 0.5,74 0.25,76 0.75,76 0.5,81 0.5,81 0.5,76 1,76 0.5,69 2.5,72 0.5,0
0.5,69 0.5,69 0.25,72 0.75,72 0.5,77 0.5,77 0.5,76 0.5,76 0.5,77 0.5,69 0.5,74 0.5,0
0.5,74 0.5,77 1,76 0.5,74 0.5,76 1,81 1,79 2.5,77
0.5,81 0.25,79 0.75,77 0.5,76 0.5,74 0.5,74 0.5,74 0.5,74 0.5,74 1,81 2.5,79
0.5,79 0.25,77 0.75,76 0.5,74 0.5,72 0.5,72 1,72 0.5,72 1,79 2,77
0.5,77 0.5,77 0.25,72 0.75,72 0.5,65 1,69 0.5,67 2,74
1,74 0.5,74 0.5,74 0.25,74 0.75,77 0.5,74
0.5,77 0.5,74 0.5,77 0.5,77 0.5,77 0.5,77 0.5,81 1,79 2,79
0.5,69 0.5,81 0.25,79 0.75,77 0.5,79 0.5,81 0.5,72 0.5,79 1,81 0.5,72 0.5,79 1,81
0.5,79 0.5,79 0.25,81 0.75,82 0.5,81 0.5,79 0.5,76
0.5,77 0.5,69 0.5,74 1,77 0.5,69 0.5,74 1,76
0.5,76 0.5,76 0.25,81 0.75,84 0.5,81 0.5,77 0.5,76 0.5,74 0.25,82 1.25,82 0.5,0
0.5,84 0.5,82 0.5,81 0.5,72 0.25,81 1.25,81 0.5,0
0.5,82 0.5,81 0.5,77 0.5,82 0.25,79 1.25,79 0.5,0
0.5,79 0.5,77 1,81 1,79 1,81 1,79 0.5,77
0.5,81 0.5,72 0.5,79 1,81 0.5,72 0.5,79 0.5,81 0.5,0
0.5,79 0.5,79 0.25,81 0.75,82 0.5,84 0.5,79 0.5,76
0.5,77 0.5,69 0.5,74 0.5,77 0.5,0 0.5,69 0.5,74 0.5,76 0.5,0
0.5,76 0.5,76 0.25,81 0.75,84 0.5,81 0.25,77 0.75,76 0.5,74 0.25,82 1.25,82 0.5,0
0.5,84 0.5,82 0.5,81 0.5,72 0.25,81 1.25,81 0.5,0
0.5,82 0.5,81 0.5,77 0.5,70 0.25,79 2.25,79
0.5,81 4.5,77 0.5,0
0.5,81 0.5,77 0.5,77 1,81 0.75,79 4,77
