0.5,61 0.5,61 0.5,61 0.5,61 0.5,61 0.5,59 0.25,59 0.25,61 1,59 3.5,0
0.5,61 0.5,61 0.5,61 0.5,64 0.5,63 0.5,61 0.5,59 1,56 3.5,0
0.5,66 0.75,66 0.25,59 0.5,66 0.5,66 0.5,59 0.5,61 0.5,64 1.5,61 2.5,0
0.5,66 0.5,66 0.5,59 0.5,59 0.5,56 0.5,59 1.5,61 3.5,0
0.5,61 0.75,61 0.25,61 0.5,61 0.5,61 0.5,59 0.25,59 0.25,61 1,59 3.5,0
0.5,61 0.5,61 0.5,61 0.5,64 0.5,63 0.5,61 0.5,59 1,56 3.5,0
0.5,66 0.5,66 0.5,59 0.5,66 0.5,66 0.5,59 0.5,61 0.5,68 0.5,64 0.5,61 0.5,64 1,61 1.5,0
0.5,66 0.5,66 0.5,59 0.5,59 0.5,56 0.5,59 1.5,61 3.5,0
0.25,75 0.25,76 0.5,78 0.5,76 0.25,75 0.25,76 0.25,75 0.25,73 0.5,71 3.5,73 1.5,0
0.25,75 0.25,76 0.5,78 0.5,76 0.25,75 0.25,76 0.25,75 0.25,73 0.5,71 2.5,68 2.5,0
0.25,66 0.25,68 0.5,69 0.5,73 0.25,75 0.25,76 0.25,75 0.25,73 0.5,71 1.5,69 2,0
0.5,73 0.5,76 0.5,75 1,71 1,69 0.5,68 0.5,66 0.5,69 1,68 3.5,0
0.25,75 0.25,76 0.5,78 0.5,76 0.25,75 0.25,76 0.25,75 0.25,73 0.5,71 3.5,73 1.5,0
0.25,75 0.25,76 0.5,78 0.5,76 0.25,75 0.25,76 0.25,75 0.25,73 0.5,71 2.5,68 2.5,0
0.25,66 0.25,68 0.5,69 0.5,73 0.25,75 0.25,76 0.25,75 0.25,73 0.5,71 1.5,69 1.5,0
0.5,64 0.5,73 0.25,71 0.25,69 1,68 2.5,0 0.5,69 2,66
0.5,64 0.5,64 0.5,64 0.5,64 0.5,64 0.5,63 0.5,61 2,59 2.5,0
0.5,64 0.5,64 0.5,64 0.5,66 0.5,64 0.5,63 0.25,63 0.25,61 2,56 2.5,0
0.5,66 0.5,66 0.5,59 0.5,66 0.5,66 0.5,59 0.5,61 0.5,68 0.5,64 0.5,61 0.5,64 1,61 1.5,0
0.5,66 0.5,66 0.5,59 0.5,59 0.5,56 0.5,59 1.5,61 3.5,0
0.25,75 0.25,76 0.5,78 0.5,76 0.25,75 0.25,76 0.25,75 0.25,73 0.5,71 3.5,73 1.5,0
0.25,75 0.25,76 0.5,78 0.5,76 0.25,75 0.25,76 0.25,75 0.25,73 0.5,71 3.5,68 1.5,0
0.25,66 0.25,68 0.5,69 0.5,73 0.25,75 0.25,76 0.25,75 0.25,73 0.5,71 2.5,69 1,0
0.5,73 0.5,76 0.25,73 0.25,75 1,71 1,69 0.5,68 0.5,66 0.5,69 2,68 2.5,0
0.25,75 0.25,76 0.5,78 0.5,76 0.25,75 0.25,76 0.25,75 0.25,73 0.5,71 3.5,73 1.5,0
0.25,75 0.25,76 0.5,78 0.5,76 0.25,75 0.25,76 0.25,75 0.25,73 0.5,71 3.5,68 1.5,0
0.25,66 0.25,68 0.5,69 0.5,73 0.25,75 0.25,76 0.25,75 0.25,73 0.5,71 2.5,69 0.5,0
0.5,61 0.5,73 0.25,71 0.25,69 2,68 1.5,0 0.5,64 2,66 2.5,0
0.5,64 0.5,64 0.5,64 0.5,64 0.5,64 0.5,63 0.5,61 2,59 2.5,0
0.5,64 0.5,64 0.5,64 0.5,66 0.5,64 0.5,63 0.25,63 0.25,61 2,56 2.5,0
0.5,66 0.5,66 0.5,59 0.5,66 0.5,66 0.5,59 0.5,61 0.5,68 0.5,64 0.5,61 0.5,64 1,61 1.5,0
0.5,66 0.5,66 0.5,59 0.5,59 0.5,56 0.5,59 1.5,61 3.5,0
0.5,64 0.5,64 0.5,64 0.5,64 0.5,64 0.5,63 0.5,61 2,59 2.5,0
0.5,64 0.5,64 0.5,64 0.5,66 0.5,64 0.5,63 0.25,63 0.25,61 2,56 2.5,0
0.5,66 0.5,66 0.5,64 0.5,66 0.5,66 0.5,59 0.5,61 0.5,68 0.5,64 0.5,61 0.5,64 2,61 0.5,0
0.5,66 0.5,66 0.5,59 0.5,59 0.5,56 0.5,59 2.5,61 2.5,0
0.5,64 0.5,64 0.5,64 0.5,64 0.5,64 0.5,63 0.5,61 2,59 2.5,0
0.5,64 0.5,64 0.5,64 0.5,66 0.5,64 0.5,63 0.25,63 0.25,61 2,56 2.5,0
0.5,66 0.5,66 0.5,59 0.5,66 0.5,66 0.5,59 0.5,61 0.5,68 0.5,64 0.5,61 0.5,64 1,61 1.5,0
0.5,66 0.5,66 0.5,59 0.5,59 0.5,56 0.5,59 1.5,61 3.5,0
0.5,64 0.5,64 0.5,64 0.5,64 0.5,64 0.5,63 0.5,61 2,59 2.5,0
0.5,64 0.5,64 0.5,64 0.5,66 0.5,64 0.5,63 0.25,63 0.25,61 2,56 2.5,0
0.5,66 0.5,66 0.5,64 0.5,66 0.5,66 0.5,59 0.5,61 0.5,68 0.5,64 0.5,61 0.5,64 2,61 0.5,0
0.5,66 0.5,66 0.5,59 0.5,59 0.5,56 0.5,59 2.5,61 2,0
