0.5,58 0.5,60 0.5,63 0.5,65 0.75,67 0.75,65 0.5,63 2,60 2,0
0.5,58 0.5,60 0.5,63 0.5,65 0.5,67 1,70 2.5,65 2.5,0
1,65 0.5,58 0.5,65 0.5,65 0.5,67 0.5,65 2,63 2.5,0
0.5,65 0.5,65 0.5,65 0.5,58 0.5,60 0.5,63 2.5,60 2.5,0
1,68 0.5,68 0.5,67 0.5,65 0.5,63 0.5,65 2,65 2.5,0
1,68 0.5,72 0.5,70 0.5,68 0.5,67 2.5,65 2.5,0
1,65 0.5,58 0.5,65 0.5,65 0.5,67 0.5,65 2,63 2.5,0
0.5,65 0.5,65 0.5,65 0.5,58 0.5,60 0.5,63 2.5,60 2.5,0
0.5,70 0.5,70 0.5,70 0.5,70 0.5,70 0.5,70 0.5,72 2,72 2.5,0
0.5,72 0.5,72 0.5,72 0.5,75 0.5,72 0.5,72 2.5,70 2.5,0
0.5,70 0.5,70 0.5,70 0.5,70 0.5,72 0.5,75 2.5,72 1,0
0.5,70 0.5,72 0.5,77 3.5,79 4,77
1,68 0.5,68 0.5,67 0.5,65 0.5,63 0.5,65 2,65 2.5,0
1,68 0.5,72 0.5,70 0.5,68 0.5,67 2.5,65 2.5,0
1,65 0.5,58 0.5,65 0.5,65 0.5,67 0.5,65 2,63 2.5,0
0.5,65 0.5,65 0.5,65 0.5,58 0.5,60 0.5,63 2.5,60 2.5,0
1,68 0.5,68 0.5,67 0.5,65 0.5,63 0.5,65 2,65 2.5,0
1,68 0.5,72 0.5,70 0.5,68 0.5,67 2.5,65 2.5,0
1,65 0.5,58 0.5,65 0.5,65 0.5,67 0.5,65 2,63 2.5,0
0.5,65 0.5,65 0.5,65 0.5,58 0.5,60 0.5,63 2.5,60 2.5,0
0.5,70 0.5,70 0.5,70 0.5,70 0.5,70 0.5,70 0.5,72 2,72 2.5,0
0.5,72 0.5,72 0.5,72 0.5,75 0.5,72 0.5,72 2.5,70 2.5,0
0.5,70 0.5,70 0.5,70 0.5,70 0.5,72 0.5,75 2.5,72 1,0
0.5,70 0.5,72 0.5,77 3.5,79 4,77
