1.5,59 0.5,60 1,59 2,67 1,64 1.5,66 0.5,67 0.5,66 0.5,64 3,59
1.5,57 0.5,59 0.5,57 0.75,57 1.75,66 1,57 1,59 1,64 1,66 3,64
1,64 1,65 1,64 2,76 1,71 1.5,72 0.5,74 0.5,72 0.5,69 2.75,71
1.5,71 0.5,67 0.5,69 0.5,71 2,69 1,67 1,66 1,59 0.5,71 0.75,69 2.75,64
1.5,59 0.5,60 1,59 2,67 1,64 1.5,66 0.5,67 0.5,66 0.75,64 2.75,59
1.5,57 0.5,59 1,57 1,66 1,60 1,57 1,59 1,64 1,66 3,64
1,64 1,65 1,64 2,76 1,71 1.5,72 0.625,74 0.625,72 0.625,69 2.625,71
1.5,71 0.625,67 0.625,69 0.625,71 1.625,69 1,67 1,66 1,59 0.625,71 0.625,69 2.75,64
1.5,76 0.5,71 0.5,71 0.5,71 1.5,72 0.5,69 0.5,64 0.5,69 1,74 0.5,74 0.5,76 0.5,74 0.5,76 3,71
1.5,71 0.5,69 0.5,67 0.5,66 1,59 0.5,69 0.5,67 0.5,66 0.5,64 0.5,66 0.5,66 0.5,66 0.5,69 0.5,71 0.5,69 3,71
1.5,76 0.5,78 0.5,79 0.5,78 1.5,72 0.5,69 0.5,64 0.5,69 1,74 1,76 1,78 3,71
1.5,71 0.5,67 0.5,69 0.5,71 2,69 1,67 1,66 1,59 0.625,71 0.625,69 2.75,64
1.5,59 0.5,60 1,59 2,67 1,64 1.5,66 0.5,67 0.5,66 0.5,64 3,59
1.5,57 0.5,59 1,57 1,66 1,60 1,57 1,59 1,64 1,66 3,64
1,64 1,65 1,64 2,76 1,71 1.5,72 0.5,74 0.625,72 0.625,69 2.75,71
1.5,71 0.5,67 0.5,69 0.5,71 2,69 1,67 1,66 1,59 0.5,71 0.5,69 3,64
1,64 1,65 1,64 2,76 1,71 1.5,72 0.5,74 0.5,72 0.5,69 3,71
1.5,71 0.5,67 0.5,69 0.5,71 2,69
1,67 1,66 1,59 0.625,71 0.625,69 2.75,64
1.5,76 0.5,71 0.5,71 0.5,71 1.5,72 0.5,69 0.5,64 0.5,69 1,74 0.5,74 0.5,76 0.5,74 0.5,76 3,71
1.5,71 0.5,69 0.5,67 0.5,66 1,59 0.5,69 0.5,67 0.5,66 0.5,64 0.5,66 0.5,66 0.5,66 0.5,69 0.5,71 0.5,69 3,71
1.5,76 0.5,78 0.5,79 0.5,78 1.5,72 0.5,69 0.5,64 0.5,69 1,74 1,76 1,78 3,71
1.5,71 0.5,67 0.5,69 0.5,71 2,69 1,67 1,66 1,59 0.625,71 0.625,69 2.75,64
1.5,59 0.5,60 1,59 2,67 1,64 1.5,66 0.625,67 0.625,66 0.625,64 2.625,59
1.5,57 0.5,59 1,57 1,66 1,60 1,57 1,59 1,64 1,66 3,64
1,64 1,65 1,64 2,76 1,71 1.5,72 0.625,74 0.625,72 0.625,69 2.625,71
1.5,71 0.5,67 0.5,69 0.5,71 2,69 1,67 1,66 1,59 0.625,71 0.625,69 2.75,64
1,64 1,65 1,64 2,76 1,71 1.5,72 0.5,74 0.5,72 0.5,69 2,71 0.5,0
0.5,71 1.5,71 0.5,67 0.625,69 0.625,71 1.75,69 1,67 1,66 1,59 0.625,71 0.625,69 2.75,64
