0.5,83 0.5,85 1,87 0.5,83 1.5,80 1,85 1,82 0.5,78 1.5,75 1,82 1,80 0.5,78 1.5,71 1,78 3,75
0.5,73 0.5,75 2,76 1,83 0.67,82 0.33,83 2,78 1,76 0.75,75 0.25,76 2,77 0.5,83 0.5,83 0.67,82 0.33,80 3,79
0.5,83 0.5,85 1,87 0.5,83 1.5,80 1,85 1,82 0.5,78 1.5,75 1,82 1,80 0.5,78 1.5,71 1,78 3,75
0.5,73 0.5,75 2,76 1,78 0.67,76 0.33,78 1,75 1,78 1,83 1,87 1.5,85 0.5,85 0.5,85 1,83 0.5,83 4,83 7,0
0.5,83 0.5,85 1,87 0.5,83 1.5,80 1,85 1,82 0.5,78 1.5,75 1,82 1,80 0.5,78 1.5,71 1,78 3,75
0.5,73 0.5,75 2,76 1,83 0.5,82 0.5,83 2,78 1,76 0.75,75 0.25,76 2,77 1,83 0.67,82 0.33,80 3,79
0.5,83 0.5,85 1,87 0.5,83 1.5,80 1,85 1,82 0.5,78 1.5,75 1,82 1,80 0.5,78 1.5,71 1,78 3,75
0.5,73 0.5,75 2,76 1,78 0.67,76 0.33,78 1,75 1,78 1,83 1,87 0.5,85 1.5,85 1.5,85 0.5,83 4,83
1.5,80 0.5,82 1,83 0.5,82 0.5,80 1,78 1,87 2,87 1.5,85 0.5,87 1,88 0.5,87 0.5,85 1,83 1,85 2,78
1.5,76 0.5,78 1,80 0.5,78 0.5,76 1,75 1,83 1,83 1,83 2,82 1,80 1,82 1,83 1,0
0.75,85 0.25,87 0.75,85 0.25,83 0.5,80 1.5,83 0.75,87 1.25,90 0.5,85 1.5,83 0.75,85 0.25,87 0.75,85 0.25,83 0.5,80 1.5,83 0.75,87 1.25,90 0.5,85 1.5,83
0.75,85 0.25,87 0.75,85 0.25,83 0.5,80 1.5,83 0.75,87 1.25,90 0.25,92 0.25,92 1.5,90 0.5,90 1.5,95 0.75,94 1.25,90 0.5,87 1.5,90 2,85
0.75,85 0.25,87 0.75,85 0.25,83 0.5,80 1.5,83 0.75,87 1.25,90 0.5,85 1.5,83 0.75,83 0.25,83 0.75,85 0.25,87 0.75,88 1.25,87 0.67,85 1.33,82 3,83
0.75,83 0.25,82 1,80 1,82 1,83 1,85 1,83 1,78 0.67,75 1.33,78 0.75,80 1.25,85 0.75,82 1.25,83 3,83
0.75,83 0.25,82 1,80 1,82 1,83 1,85 1,83 1,78 0.67,83 1.33,85 0.75,87 1.25,88 0.75,85 1.25,83 3,83 33,0
0.67,83 0.33,85 1,87 0.5,83 1.5,80 1,85 1,82 0.5,78 1.5,75 1,82 1,80 0.5,78 1.5,71 1,78 3,75
0.5,73 0.5,75 2,76 1,83 0.5,82 0.5,83 2,78 1,76 0.75,75 0.25,76 2,77 1,83 0.67,82 0.33,80 3,79
0.5,83 0.5,85 1,87 0.5,83 1.5,80 1,85 1,82 0.5,78 1.5,75 1,82 1,80 0.5,78 1.5,71 1,78 3,75
0.5,73 0.5,75 2,76 1,78 0.67,76 0.33,78 1,75 1,78 1,83 1,87 0.75,85 1.25,85 0.75,85 1.25,83 4,83
1.5,80 0.5,82 1,83 0.5,82 0.5,80 1,78 1,87 2,87 1.5,85 0.5,87 1,88 0.5,87 0.5,85 1,83 1,85 2,78
1.5,76 0.5,78 1,80 0.5,78 0.5,76 1,75 1,83 1,83 1,83 2,82 1,80 1,82 1,83 1,0
0.75,85 0.25,87 0.75,85 0.25,83 0.5,80 1.5,83 0.75,87 1.25,90 0.5,85 1.5,83 0.75,85 0.25,87 0.75,85 0.25,83 0.5,80 1.5,83 0.75,87 1.25,90 0.5,85 1.5,83
0.75,85 0.25,87 0.75,85 0.25,83 0.5,80 1.5,83 0.75,87 1.25,90 0.5,92 1.5,90 0.5,90 1.5,95 1,94 1,90 0.25,87 0.25,87 1,90 0.5,85 2,85
0.75,85 0.25,87 0.75,85 0.25,83 0.5,80 1.5,83 0.75,87 1.25,90 0.5,85 1.5,83 1,83 0.75,85 0.25,87 0.75,88 1.25,87 0.67,85 1.33,82 3,83
0.75,83 0.25,82 1,80 1,82 1,83 1,85 1,83 1,78 0.67,75 1.33,78 0.75,80 1.25,85 0.75,82 1.25,83 3,83
0.75,83 0.25,82 1,80 1,82 1,83 1,85 1,83 1,78 0.67,83 1.33,85 0.75,87 1.25,88 0.75,85 1.25,83 4,83 8,0
2,83 2,90 2,92 2,90 2,85 2,88 4,87
2,80 2,84 2,85 2,84 2,82 2,79 4,80
2,80 2,87 2,89 2,87 2,82 1,85 1,84 4,84
2,80 2,84 2,85 2,84 2,82 2,79 2,80 0.5,0
1,77 0.5,79 2,80 2,87 2,89 1,87 1,82 2,82 1,85 1,84 4,84
2,80 2,84 2,85 2,84 2,82 2,79 3,80
0.5,77 0.5,79 2,80 2,87 2,89 2,87 2,91 1,91 1,92 4,92
2,92 2,87 2,85 1,84 1,82 2,82 2,83 2,82 2,80 14,0
0.75,82 0.25,84 0.75,82 0.25,80 0.5,77 1.5,80 0.5,84 1.5,87 0.5,82 1.5,80 0.75,82 0.25,84 0.75,82 0.25,80 0.5,77 1.5,80 0.75,84 1.25,87 0.5,82 1.5,80
0.75,85 0.25,87 0.75,85 0.25,83 0.5,80 1.5,83 0.75,87 1.25,90 0.25,92 0.25,92 1.5,90 0.5,90 1.5,95 0.75,94 1.25,90 0.5,87 1.5,90 2,85
0.75,85 0.25,87 0.75,85 0.25,83 0.5,80 1.5,83 0.75,87 1.25,90 0.5,85 1.5,83 0.75,83 0.25,83 0.75,85 0.25,87 0.75,92 1.25,87 0.67,85 1.33,82 3,83
0.75,83 0.25,82 1,80 1,82 1,83 1,85 1,83 1,78 0.67,75 1.33,78 0.75,80 1.25,85 0.75,82 1.25,83 3,83
0.75,83 0.25,82 1,80 1,82 1,83 1,85 1,83 1,78 0.5,76 1.5,76 0.5,75 1.5,76 0.5,83 1.5,90 2.75,87
0.75,87 0.25,85 1,83 1,85 1,87 1,88 1,87 1,83 0.67,78 1.33,83 0.67,85 1.33,87 0.67,85 1.33,83 2,83
