0.25,61 0.25,70 0.25,68 0.25,70 0.25,68 0.25,70 0.25,73 0.25,0
0.25,68 0.25,70 0.25,68 0.25,70 0.25,68 0.25,70 0.25,73 0.25,0
0.25,68 0.25,70 0.25,68 0.25,70 0.75,77 1,73 0.33,73 0.33,71 0.33,70 0.5,68 0.25,66 0.5,66
0.5,73 0.25,73 0.25,73 0.25,68 0.25,70 1,66 0.75,73 0.5,75 0.25,68 0.5,70 1,68 1.25,0
0.25,61 0.25,70 0.25,68 0.25,70 0.25,68 0.25,70 0.25,73 0.25,0
0.25,68 0.25,70 0.25,68 0.25,70 0.25,68 0.25,70 0.25,73 0.5,77 0.5,77 0.25,73 0.75,70 1,73
0.5,73 0.25,75 0.25,78 0.5,80 0.25,78 0.5,75 0.5,75 0.25,75 0.25,75 0.5,73
0.25,73 0.5,70 0.5,66 1,68 1,70 1,71 1,73
1,75 0.75,82 1.25,80 0.5,0 0.25,73 0.33,77 0.33,77 0.33,73 0.5,68 0.5,70 1,70
0.33,70 0.33,73 0.33,75 1,66 0.33,70 0.33,73 0.33,75 0.75,73 0.25,73 0.33,70 0.33,68 0.33,66 2,70 2,0
1,75 0.75,82 1.25,80 0.25,0 0.75,77 0.25,75 0.5,73 0.25,73 0.5,70 0.5,75 1,75
0.33,70 0.33,73 0.33,75 1,66 0.33,70 0.33,73 0.33,75 0.75,66 0.25,66 0.33,75 0.33,73 0.33,70 2,66 2,0
0.25,61 0.25,70 0.25,68 0.25,70 0.25,68 0.25,70 0.25,73 0.25,0
0.25,68 0.25,70 0.25,68 0.25,70 0.25,68 0.25,70 0.25,73 0.25,0 0.5,68 0.25,68 0.25,70 0.5,77 0.25,75 0.25,75 0.5,73
0.25,71 0.25,73 0.25,71 0.25,71 0.25,70 0.5,70 0.25,68 1,66 0.25,73 0.25,73 0.5,68 1,66
0.25,66 0.25,68 0.25,66 0.25,68 0.25,66 0.5,68 0.5,70 0.5,71 0.25,73 0.25,68 0.25,70 0.5,68 0.25,66
0.5,70 0.25,70 0.5,70 0.75,68 0.5,70 0.25,70 0.5,70 0.75,68
0.5,73 0.5,70 0.5,68 0.5,66 0.5,73 0.5,70 0.25,68 0.75,70 0.5,66 1.5,70 0.75,0
0.25,66 0.25,66 0.75,68 1,68 1,70 1,71 1,73 1,68 1,70 1,71 1,73
1,75 0.75,82 1.25,80 0.75,0 0.25,73 0.33,77 0.33,77 0.33,73 0.5,70 0.5,70 1,70
0.33,70 0.33,73 0.33,75 1,66 0.33,70 0.33,73 0.33,75 0.75,73 0.25,73 0.33,70 0.33,68 0.33,66 2,70 2,73
1,75 0.75,82 1.25,80 0.25,0 0.75,77 0.25,77 0.5,73 0.25,73 0.5,70 0.5,73 1,75
0.33,70 0.33,73 0.33,75 1,66 0.33,70 0.33,73 0.33,75 0.75,66 0.25,66 0.33,75 0.33,73 0.33,70 2,66 1.75,0
0.5,75 0.25,80 0.5,80 0.75,75 0.5,75 0.5,73 0.5,73 0.5,71 0.5,73 0.25,75 1.25,75 0.75,0
0.25,68 0.5,78 0.5,75 0.75,71 1.25,68 0.75,0 0.25,68 0.5,78 0.5,75 0.75,73 3.25,75
1.25,78 0.25,80 2.5,77 1,75 0.75,82 1.25,80 0.25,0 0.75,77 0.25,77 0.5,73 0.25,73 0.5,70 0.5,68 1,66
0.33,72 0.33,75 0.33,77 1,68 0.33,72 0.33,75 0.33,77 0.75,75 0.25,75 0.33,84 0.33,82 0.33,80 0.5,0 0.75,84 0.25,82 0.25,84 0.25,82 0.5,87 0.5,85 0.5,84 0.5,80
1,80 0.75,80 1.25,79 0.25,0 0.75,79 0.25,75 0.5,72 0.25,72 0.5,72 0.5,75 1,77
0.33,72 0.33,75 0.33,77 1,68 0.33,72 0.33,75 0.33,77 0.75,68 0.25,68 0.33,77 0.33,75 0.58,72 3,68 0.5,0
1,77 0.75,84 1.25,82 0.25,0 0.75,79 0.25,79 0.5,75 0.25,75 0.5,72 0.5,75 1,77
0.33,72 0.33,75 0.33,77 1,68 0.5,72 0.25,75 0.75,77 0.5,68 0.25,68 0.5,77 0.5,75 4.45,72 6,68
