0.25,74 0.25,73 0.5,74 0.5,73 1,74 0.5,69 0.5,66 1,69 1,73 2,71 0.5,0
0.25,74 0.25,73 0.5,74 0.5,73 0.5,74 0.5,73 0.5,74 0.25,78 2.25,78 1.25,0
0.25,71 0.25,74 0.25,71 1.5,74 0.5,78 1,76 0.25,0
0.25,69 0.25,73 0.25,69 1,73 0.75,76 2.25,74
0.75,78 0.75,76 0.5,74 0.75,76 0.75,74 0.5,70 1.25,69 0.25,74 0.25,73 0.25,71 2,69 0.5,0
0.25,74 0.25,73 0.5,74 0.5,73 1,74 0.5,69 0.5,66 1,69 1,73 2,74 0.5,0
0.25,74 0.25,73 0.5,74 0.5,73 0.5,74 0.5,73 0.5,74 0.25,78 3.25,81 0.25,0
0.25,81 0.25,79 0.25,78 1.5,79 0.5,78 1,76 0.25,0
0.25,79 0.25,78 0.25,76 1,78 0.75,76 2.25,74
0.75,78 0.75,76 0.5,78 0.75,79 0.75,78 0.5,74 3,76 0.25,0
0.25,69 0.25,71 0.5,74 0.25,0 0.5,78 0.5,78 0.25,76 0.25,74
0.25,78 0.25,76 0.25,74 0.5,78 0.25,76 0.25,74 0.25,74 0.5,0
0.25,74 0.25,71 0.25,74 0.25,76 0.25,78 1.25,78 0.25,0
0.25,69 0.25,71 0.25,74 0.5,0 0.25,74 0.25,71 0.25,74 0.25,76 0.25,78 0.5,78 0.75,69 0.25,0
0.25,69 0.25,71 0.25,74 0.5,0 0.25,74 0.25,71 0.25,74 0.25,76 0.25,78 0.75,76 0.5,76 0.5,74 0.5,76 0.5,0
0.5,78 0.5,78 0.25,76 0.25,74 0.25,78 0.25,76 0.25,74 0.5,78 0.25,76 0.25,74 0.25,74 0.5,0
0.25,74 0.25,71 0.25,74 0.25,76 0.25,78 1.25,78 0.25,0
0.25,69 0.25,71 0.25,74 0.5,0 0.25,74 0.25,71 0.25,74 0.25,76 0.25,78 0.5,78 0.75,69 0.25,0
0.25,69 0.25,71 0.25,74 0.5,0 0.25,74 0.25,71 0.25,74 0.25,76 0.25,78 0.75,76 0.5,76 0.5,74 0.5,76 4,74
0.25,74 0.25,73 0.5,74 0.5,73 1,74 0.5,69 0.5,66 1,69 1,73 2,74 0.5,0
0.25,74 0.25,73 0.5,74 0.5,73 0.5,74 0.5,73 0.5,74 0.25,78 0.125,81 0.125,83 1.25,81 0.25,86 0.25,85 0.25,83 1,81 0.25,0
0.25,81 0.25,79 0.25,78 1.5,79 0.5,81 1,76 0.25,0
0.25,79 0.25,78 0.25,76 1,78 0.75,76 2.25,74
0.75,78 0.75,76 0.5,78 0.75,79 0.75,81 0.5,74 1.25,78 0.25,79 0.25,78 1.25,76 0.25,0
0.25,69 0.25,71 0.5,74 0.25,0 0.5,78 0.5,78 0.25,76 0.25,74
0.25,78 0.25,76 0.25,74 0.5,78 0.25,76 0.25,74 0.25,74 0.5,0
0.25,74 0.25,71 0.25,74 0.25,76 0.25,78 1.25,78 0.25,0
0.25,69 0.25,71 0.25,74 0.5,0 0.25,74 0.25,71 0.25,74 0.25,76 0.25,78 0.5,78 0.75,69 0.25,0
0.25,69 0.25,71 0.25,74 0.5,0 0.25,74 0.25,71 0.25,74 0.25,76 0.25,78 0.75,78 0.5,76 0.5,74 0.5,76 0.5,0
0.5,78 0.5,78 0.25,76 0.25,74 0.25,78 0.25,76 0.25,74 0.5,78 0.25,76 0.25,74 0.25,74 0.5,0
0.25,74 0.25,71 0.25,74 0.25,76 0.25,78 1.25,78 0.25,0
0.25,69 0.25,71 0.25,74 0.5,0 0.25,74 0.25,71 0.25,74 0.25,76 0.25,78 0.5,78 0.75,69 0.25,0
0.25,69 0.25,71 0.25,74 0.5,0 0.25,74 0.25,71 0.25,74 0.25,76 0.25,78 0.75,76 0.5,76 0.5,74 0.5,76 2,74 0.5,0
0.5,69 0.5,0 0.25,71 0.5,74 0.25,0 0.5,78 0.5,78 0.25,76 0.25,74
0.25,78 0.25,76 0.25,74 0.5,78 0.25,81 0.25,76 0.25,74 0.5,0
0.25,74 0.25,71 0.25,74 0.25,76 0.25,78 1.25,78 0.25,0
0.25,69 0.25,71 0.25,74 0.5,0 0.25,74 0.25,71 0.25,74 0.25,76 0.25,78 1,78 0.5,69
0.25,69 0.25,71 0.25,74 0.5,0 0.25,74 0.25,71 0.25,74 0.25,76 0.25,78 0.75,78 0.5,81 0.5,74 0.5,76 0.5,0
0.5,78 0.5,78 0.25,76 0.25,74 0.25,78 0.25,76 0.25,74 0.5,78 0.25,76 0.25,74 0.25,74 0.5,0
0.25,74 0.25,71 0.25,74 0.25,76 0.25,78 0.25,78 1.5,81 0.25,76 0.25,74 0.5,0
0.25,74 0.25,71 0.25,74 0.25,76 0.25,78 0.5,78 0.75,69 0.25,0
0.25,69 0.25,71 0.25,74 0.5,0 0.25,74 0.25,71 0.25,74 0.25,76 0.25,78 0.25,76 0.25,78 0.25,78 2,81 0.5,74 0.75,76 0.25,78 0.25,76 3.25,74
