0.5,73 0.25,74 0.75,76 0.5,78 0.5,0
0.25,73 0.25,74 0.5,76 0.25,76 0.5,76 0.25,71 0.25,73 0.25,71 0.25,71 0.75,69 2,0
0.25,73 0.25,74 0.25,76 0.25,76 0.5,76 0.25,81 0.75,80 0.25,76 0.25,76 0.5,74 0.5,74 1,0
0.25,78 0.25,78 0.25,78 0.5,78 0.25,77 0.5,77 1,0
0.25,81 0.25,80 0.25,78 0.5,78 0.25,76 0.5,76 0.75,0
0.25,76 0.5,78 0.25,76 0.75,76 0.25,69 0.25,71 0.5,73 0.5,76 0.75,0
0.25,73 0.5,74 0.25,73 0.75,74 0.5,78 0.5,77 0.25,77 0.5,78 0.5,80 0.25,78 1,78 0.25,0
0.25,78 0.25,80 0.25,81 0.5,83 0.25,81 0.25,80 0.5,78 0.25,78 0.25,78 1,76 0.75,0
0.25,76 0.5,74 0.25,73 0.75,74 0.5,81 0.75,80 0.25,78 0.75,78 0.25,77 1,77
0.25,78 0.25,80 0.25,81 1.25,81 0.25,78 0.25,80 0.25,81 1.25,81
0.25,78 0.25,80 0.5,81 0.25,83 0.25,81 0.5,81 0.25,80 0.25,78 0.25,78 0.5,78 0.5,76 1.25,0
0.25,78 0.25,77 0.5,78 0.25,76 0.25,76 0.5,74 0.25,74 1,74
0.25,66 0.5,80 0.25,80 0.75,80 0.25,78 1.25,80
0.25,78 0.25,80 0.25,81 1.25,81 0.25,78 0.25,80 0.25,81 1.25,81
0.25,78 0.25,80 0.5,81 0.25,83 0.25,81 0.5,81 0.25,80 0.25,78 0.25,78 0.5,78 0.25,76 0.5,76 0.75,0
0.25,73 0.5,74 0.25,73 0.75,74 0.5,81 1,80 0.75,77 0.25,78 2,78
0.5,73 0.25,74 0.75,76 0.5,78 0.5,0
0.25,73 0.25,74 0.5,76 0.25,76 0.5,76 0.25,71 0.25,73 0.25,71 0.25,71 0.75,69 2,0
0.25,73 0.25,74 0.25,76 0.25,76 0.5,76 0.25,81 0.5,80 0.5,76 0.25,76 0.5,74 0.5,74 1,0
0.25,78 0.25,78 0.25,78 0.5,78 0.25,77 0.5,77 1,0
0.25,81 0.25,80 0.25,78 0.5,78 0.25,76 0.5,76 0.75,0
0.25,76 0.5,78 0.5,76 0.5,76 0.25,69 0.25,71 0.5,73 0.5,76 0.75,0
0.25,73 0.5,74 0.25,73 0.75,74 0.5,78 0.5,77 0.25,77 0.5,78 0.5,80 0.25,78 1,78 0.25,0
0.25,78 0.25,80 0.25,81 0.5,83 0.25,81 0.25,80 0.5,78 0.25,78 0.25,78 1,76 0.75,0
0.25,76 0.5,74 0.25,73 0.75,74 0.5,81 0.75,80 0.25,78 0.75,78 0.25,77 1,77
0.25,78 0.25,80 0.25,81 1.25,81 0.25,78 0.25,80 0.25,81 1.25,81
0.25,78 0.25,80 0.5,81 0.25,83 0.25,81 0.5,81 0.25,80 0.25,78 0.25,78 0.5,78 0.5,76 1.75,0
0.25,78 0.25,77 0.5,78 0.25,76 0.25,76 0.5,74 0.25,74 1,74
0.25,66 0.5,80 0.25,80 0.75,80 0.25,78 1.25,80
0.25,78 0.25,80 0.25,81 1.25,81 0.25,78 0.25,80 0.25,81 1.25,81
0.25,78 0.25,80 0.5,81 0.25,83 0.25,81 0.5,81 0.25,80 0.25,78 0.25,78 0.5,78 0.25,76 0.5,76 0.75,0
0.25,73 0.5,74 0.25,73 0.75,74 0.5,81 1,80 0.75,77 0.25,78 2,78 1,0
0.5,78 0.5,80 0.5,81 0.25,81 0.5,81 0.25,80 0.25,80 0.25,80 0.25,74 0.25,78 0.25,78 0.25,76 0.5,0
0.25,80 0.25,81 0.5,83 0.25,83 0.75,83 0.25,85 0.75,83 0.25,82 0.25,82 0.5,0
0.25,78 0.25,81 0.5,81 0.25,78 0.5,80 1.5,81
0.25,78 0.33,78 0.33,80 0.33,81 2,80 1,0
0.25,78 0.25,80 0.25,81 1.25,81 0.25,78 0.25,80 0.25,81 1.25,81
0.25,78 0.25,80 0.5,81 0.25,83 0.25,81 0.5,81 0.25,80 0.25,78 0.25,78 0.5,78 0.5,76 1.75,0
0.25,78 0.25,77 0.5,78 0.25,76 0.25,76 0.5,74 0.25,74 1,74
0.25,66 0.5,80 0.25,80 0.5,80 0.5,78 1,80
0.25,78 0.25,80 0.25,81 1.25,81 0.25,78 0.25,80 0.25,81 1.25,81
0.25,78 0.25,80 0.5,81 0.25,83 0.25,81 0.5,81 0.25,80 0.25,78 0.25,78 0.5,78 0.25,76 0.5,76 0.75,0
0.25,73 0.5,74 0.25,73 0.75,74 0.5,81 1,80 0.75,77 0.25,78 2,78 1.5,0
0.25,73 0.5,74 0.25,73 0.75,74 0.5,81 1,80 0.75,77 0.25,78 2,78
