0.5,64 0.5,64 0.5,67 0.5,69 0.5,67 0.5,67 0.5,67 0.5,67 0.5,64 1.5,67
0.5,64 0.5,64 0.5,67 0.5,69 0.5,71 0.5,69 0.5,67 0.5,64 0.5,62 1.5,64
1,64 0.5,62 1,60 0.5,57 1,72 0.5,69 0.5,67 0.5,69 0.5,67 1,64
0.5,64 0.5,62 0.5,60 0.5,57 0.5,60 0.5,62 0.5,64 0.5,64 1,62
0.5,64 0.5,64 0.5,67 0.5,69 0.5,67 0.5,67 0.5,67 0.5,67 0.5,64 1.5,67
0.5,64 0.5,64 0.5,67 0.5,69 0.5,71 0.5,69 0.5,67 0.5,64 0.5,62 1.5,64
0.5,64 0.5,64 0.5,62 0.5,60 0.5,60 0.5,57 1,72 0.5,69 0.5,67 0.5,69 0.5,67 1,64
0.5,64 0.5,62 0.5,57 0.5,60 0.5,62 0.5,64 0.5,62 1,60 1,0
0.5,64 0.5,67 0.5,69 0.5,69 0.5,69 0.5,69 0.5,71 0.5,69 1.5,67 0.5,0
0.5,67 0.5,69 0.5,72 0.5,72 0.5,72 0.5,72 0.5,69 0.5,79 1.5,76
0.5,76 0.5,74 0.5,72 1.5,74 0.5,76 0.5,74 0.5,72 1.5,74
0.5,76 0.5,74 0.5,72 0.5,74 0.5,74 0.5,74 0.5,74 0.5,72 0.5,81 3,79 1.5,0
0.5,74 0.5,72 0.5,74 1.5,79 0.5,74 0.5,72 0.5,74 1.5,79
0.5,74 0.5,72 0.5,74 0.5,79 0.5,79 0.5,79 0.5,79 0.5,76 0.5,74 1.5,76
0.5,76 0.5,74 0.5,72 1.5,69 0.5,76 0.5,74 0.5,72 1.5,67
0.5,67 0.5,69 0.5,72 0.5,69 0.5,69 0.5,69 0.5,79 0.5,79 0.5,72 1.5,74
0.5,74 0.5,72 0.5,74 1.5,79 0.5,74 0.5,72 0.5,74 1.5,79
0.5,74 0.5,72 0.5,74 0.5,79 0.5,79 0.5,79 0.5,79 0.5,76 0.5,74 1.5,76
0.5,76 0.5,74 0.5,72 1.5,69 0.5,76 0.5,74 0.5,72 0.5,67 0.5,67 0.5,76 1,76
0.5,76 0.5,74 0.5,72 0.5,69 0.5,72 0.5,74 1,69 2.5,72
0.5,64 0.5,64 0.5,67 0.5,69 0.5,67 0.5,67 0.5,67 0.5,67 0.5,64 1.5,67
0.5,64 0.5,64 0.5,67 0.5,69 0.5,71 0.5,69 0.5,67 0.5,64 0.5,62 1.5,64
0.5,64 0.5,64 0.5,62 0.5,60 0.5,60 0.5,57 1,72 0.5,69 0.5,67 0.5,69 0.5,67 1,64
0.5,64 0.5,62 0.5,57 0.5,60 0.5,62 0.5,64 0.5,62 1,60 1,0
0.5,64 0.5,67 0.5,69 0.5,69 0.5,69 0.5,69 0.5,71 0.5,69 1.5,67 0.5,0
0.5,67 0.5,69 0.5,72 0.5,72 0.5,72 0.5,72 0.5,69 0.5,79 1.5,76
0.5,76 0.5,74 0.5,72 1.5,74 0.5,76 0.5,74 0.5,72 1.5,74
0.5,76 0.5,74 0.5,72 0.5,74 0.5,74 0.5,74 0.5,74 0.5,72 0.5,81 3,79 1.5,0
0.5,74 0.5,72 0.5,74 1.5,79 0.5,74 0.5,72 0.5,74 1.5,79
0.5,74 0.5,72 0.5,74 0.5,79 0.5,79 0.5,79 0.5,79 0.5,76 0.5,74 1.5,76
0.5,76 0.5,74 0.5,72 1.5,69 0.5,76 0.5,74 0.5,72 1.5,67
0.5,67 0.5,69 0.5,72 0.5,69 0.5,69 0.5,69 0.5,79 0.5,79 0.5,72 1.5,74
0.5,74 0.5,72 0.5,74 1.5,79 0.5,74 0.5,72 0.5,74 1.5,79
0.5,74 0.5,72 0.5,74 0.5,79 0.5,79 0.5,79 0.5,79 0.5,76 0.5,74 1.5,76
0.5,76 0.5,74 0.5,72 1.5,69 0.5,76 0.5,74 0.5,72 0.5,67 0.5,67 0.5,76 1,76
0.5,76 0.5,74 0.5,72 0.5,69 0.5,72 0.5,74 1,69 2.5,72 3,0
0.5,72 0.5,72 0.5,72 1,72 0.5,69 0.5,76 0.5,74 0.5,72 1.5,74
0.5,71 0.5,71 0.5,71 1,71 0.5,67 0.5,74 0.5,72 0.5,72 1.5,72
0.5,76 0.5,74 0.5,72 1,69
0.5,72 0.5,76 0.5,74 0.5,72 1,69
0.5,69 0.5,76 0.5,74 0.5,72 0.5,74 0.5,74 0.5,81 1.5,79
0.5,74 0.5,72 0.5,74 1.5,79 0.5,74 0.5,72 0.5,74 1.5,79
0.5,75 0.5,73 0.5,75 0.5,80 0.5,80 0.5,80 0.5,80 0.5,77 0.5,75 1.5,77
0.5,77 0.5,75 0.5,73 1.5,70 0.5,77 0.5,75 0.5,73 1.5,68
0.5,68 0.5,70 0.5,73 0.5,70 0.5,70 0.5,70 0.5,80 0.5,80 0.5,73 1.5,75
0.5,75 0.5,73 0.5,75 1.5,80 0.5,75 0.5,73 0.5,75 1.5,80
0.5,75 0.5,73 0.5,75 0.5,80 0.5,80 0.5,80 0.5,80 0.5,77 0.5,75 1.5,77
0.5,77 0.5,75 0.5,73 1.5,70 0.5,77 0.5,75 0.5,73 0.5,68 0.5,68 0.5,77 1,77
0.5,77 0.5,75 0.5,73 0.5,70 0.5,73 0.5,75 1,70 2.5,73
