0.25,63 0.25,65 0.25,66 1.25,70 0.25,65 0.25,66 0.25,68 1.25,68
0.25,66 0.75,63 0.5,63 0.25,66 0.5,63 1.75,61
0.25,63 0.25,65 0.25,66 1.25,70 0.25,65 0.25,66 0.25,68 1,68
0.25,66 0.5,66 0.25,63 0.75,63 0.25,66 1.75,68
0.25,66 0.25,68 0.25,68 0.25,70 0.25,70 0.25,70 0.5,70 0.25,73 1.25,68
0.5,68 0.25,70 0.5,66 0.5,63 0.25,63 0.5,63 0.25,61 1.75,63
0.25,66 0.25,68 0.25,68 0.25,70 0.25,70 0.75,70 0.25,73 0.5,73 0.75,68 0.5,68 0.5,70 4,63
0.25,63 0.25,65 0.25,66 1.25,70 0.25,65 0.25,66 0.25,68 1.25,68 0.25,66 1.25,63 0.25,66 2.25,61
0.25,63 0.25,65 0.25,66 1.25,70 0.25,65 0.25,66 0.25,68 1,68
0.25,66 0.25,66 0.25,63 0.25,63 0.75,63 0.25,66 1.75,68
0.25,66 0.25,68 0.25,68 0.25,70 0.25,70 0.25,70 0.5,70 0.25,73 1.25,68
0.5,68 0.25,70 0.5,66 0.5,63 0.25,63 0.5,63 0.25,61 1.75,63
0.25,66 0.25,68 0.25,68 0.25,70 0.25,70 0.25,70 0.5,70 0.25,73 0.5,73 0.75,68
0.5,68 0.25,70 0.5,66 0.75,63 0.5,66 0.25,68 3.25,70 0.5,0
0.25,70 0.25,70 0.25,75 0.25,75 0.25,75 0.75,75 0.25,73 0.25,70 0.25,73 0.25,75 0.25,75 0.75,75
0.25,73 0.25,70 0.5,73 0.25,73 0.25,75 0.5,70 0.25,73 0.25,73 1.5,75
0.25,70 0.25,70 0.25,73 0.25,75 0.25,75 0.375,75 0.25,73 0.25,70 0.5,68 0.5,70 0.5,73 0.25,75 3,70 0.5,0
0.25,70 0.25,70 0.25,75 0.25,75 0.25,75 0.75,75 0.25,73 0.25,70 0.25,73 0.25,75 0.25,75 0.75,75
0.25,73 0.25,70 0.5,73 0.25,75 0.25,78 0.5,77 0.25,75 0.5,70 0.75,75
0.25,70 0.25,70 0.25,68 0.25,66 0.25,68 0.25,70 1.25,68 0.25,66 0.25,68 0.75,73 0.5,68 0.25,68 0.25,70 4,63
0.25,63 0.25,65 0.25,66 1.25,70 0.25,65 0.25,66 0.25,68 1.25,68 0.25,66 1.25,63 0.25,66 2.25,61
0.25,63 0.25,65 0.25,66 1.25,70 0.25,65 0.25,66 0.25,68 1,68
0.25,66 0.25,66 0.25,63 0.25,63 0.75,63 0.25,66 1.75,68
0.25,66 0.25,68 0.25,68 0.25,70 0.25,70 0.25,70 0.5,70 0.25,73 1.25,68
0.5,68 0.25,70 0.5,66 0.5,63 0.25,63 0.5,63 0.25,61 1.75,63
0.25,66 0.25,68 0.25,68 0.25,70 0.25,70 0.25,70 0.5,70 0.25,73 0.5,73 0.75,68
0.5,68 0.25,70 0.5,66 0.75,63 0.5,66 0.25,68 3.25,70 0.5,0
0.25,70 0.25,70 0.25,75 0.25,75 0.25,75 0.75,75 0.25,73 0.25,70 0.25,73 0.25,75 0.25,75 0.75,75
0.25,73 0.25,70 0.5,73 0.25,73 0.25,75 0.5,70 0.25,73 0.25,73 1.5,75
0.25,70 0.25,70 0.25,73 0.25,75 0.25,75 0.5,75
0.25,73 0.25,70 0.5,68 0.75,70 0.5,73 0.25,75 3.25,70 0.5,0
0.25,70 0.25,70 0.25,75 0.25,75 0.25,75 0.75,75 0.25,73 0.25,70 0.25,73 0.25,75 0.25,75 0.75,75
0.25,73 0.25,70 0.5,73 0.25,75 0.25,78 0.5,77 0.25,75 0.5,70 0.75,75
0.25,70 0.25,70 0.25,68 0.25,66 0.25,68 0.25,70 1.25,68 0.25,66 0.25,68 0.75,73 0.5,68 0.25,68 0.25,70 2,63
0.25,70 0.25,70 0.25,75 0.25,75 0.25,75 0.75,75 0.25,73 0.25,70 0.25,73 0.25,75 0.25,75 0.75,75
0.25,73 0.25,70 0.5,73 0.25,73 0.25,75 0.5,70 0.25,73 0.25,73 1.5,75
0.25,70 0.25,70 0.25,73 0.25,75 0.25,75 0.5,75 0.25,73 0.25,70
0.5,68 0.75,70 0.5,73 0.25,75 3.25,70 0.5,0
0.25,70 0.25,70 0.25,75 0.25,75 0.25,75 0.75,75 0.25,73 0.25,70 0.25,73 0.25,75 0.25,75 0.75,75
0.25,73 0.25,70 0.5,73 0.25,75 0.25,78 0.5,77 0.25,75 0.5,70 0.75,75
0.25,70 0.25,70 0.25,68 0.25,66 0.25,68 0.25,70 1.25,68 0.25,66 0.25,68 0.75,73 0.5,68 0.25,68 0.25,70 3,63
0.25,70 0.25,70 0.25,68 0.25,66 0.25,68 0.25,70 1.25,68 0.25,66 0.25,68 0.75,73 0.5,68 0.25,68 0.25,70 2,63
