0.5,68 0.5,67 0.5,68 0.5,65 0.5,67 0.25,65 1.25,67 0.5,63 3.5,65
0.5,65 0.5,63 0.5,65 0.5,68 0.5,67 0.5,65 1,67 0.75,63 2.25,60 0.5,0
0.5,60 0.5,61 0.25,60 0.75,61 0.5,72 1.5,70
0.5,63 0.5,70 0.25,68 0.75,70 0.25,75 0.25,72 1,72
0.25,70 0.25,72 0.5,68 1,65 0.5,65 0.5,72 1,70 0.5,68 0.5,67 4,65
0.5,68 0.5,67 0.5,68 0.5,65 0.5,67 0.25,65 0.75,67 0.5,63 4,65
0.5,65 0.5,63 0.5,65 0.5,68 0.5,67 0.5,65 0.5,67 1,63 2.5,60 0.5,0
0.5,60 0.5,61 0.25,60 0.75,61 0.5,72 1.5,70
0.5,63 0.5,70 0.25,68 0.75,70 0.25,75 0.25,72 1,72
0.25,70 0.25,72 0.5,68 1,65 0.5,65 0.5,72 1,70 0.5,68 0.5,67 3,65
0.5,72 0.5,75 0.5,77 0.25,75 0.75,77 0.25,72 0.25,70 2,70
0.5,75 0.25,72 0.75,75 0.25,70 0.25,68 2,68
0.5,72 0.25,70 0.75,72 0.5,65 0.5,70 0.25,68 0.5,70 0.5,75 0.75,72 2.5,72
0.5,72 0.5,75 0.5,77 0.25,75 0.75,77 0.25,72 2.25,70
0.5,75 0.25,72 0.75,75 0.25,70 0.25,68 1,68
0.5,65 0.5,68 0.5,72 0.25,70 0.75,72 0.5,65 0.5,70 0.25,68 0.75,70 0.25,67 0.75,65 3.5,65
0.5,68 0.5,67 0.5,68 0.5,65 0.5,67 0.25,65 0.75,67 1,63 3.5,65
0.5,65 0.5,63 0.5,65 0.5,68 0.5,67 0.5,65 0.5,67 1,63 2.5,60 0.5,0
0.5,60 0.5,61 0.25,60 0.75,61 0.5,72 1.5,70
0.5,63 0.5,70 0.25,68 0.75,70 0.25,75 0.25,72 1,72
0.25,70 0.25,72 0.5,68 1,65 0.5,65 0.5,72 1,70 0.5,68 0.5,67 3,65
0.5,72 0.5,75 0.5,77 0.25,75 0.75,77 0.25,72 0.25,70 2,70
0.5,75 0.25,72 0.75,75 0.25,70 0.25,68 2,68
0.5,72 0.25,70 0.75,72 0.5,65 0.5,70 0.25,68 0.5,70 0.5,75 0.75,72 2.5,72
0.5,72 0.5,75 0.5,77 0.25,75 0.75,77 0.25,72 2.25,70
0.5,75 0.25,72 0.75,75 0.25,70 0.25,68 1,68
0.5,65 0.5,68 0.5,72 0.25,70 0.75,72 0.5,65 0.5,70 0.25,68 0.75,70 0.25,67 0.75,65 3.5,65
0.75,77 0.75,75 0.5,77 0.5,72 1.5,70
0.5,75 0.25,72 0.75,75 0.5,70 2,68
0.5,72 0.25,70 0.75,72 0.5,65 0.5,70 0.25,68 0.5,70 1.25,75 2.5,72
0.5,72 0.5,75 0.5,77 0.25,75 0.75,77 0.5,72 2,70
0.5,75 0.25,72 0.75,75 0.25,70 0.25,68 1,68
0.5,65 0.5,68 0.5,72 0.25,70 0.75,72 0.5,65 0.5,70 0.25,68 0.75,70 0.25,67 0.75,65 3.5,65
0.5,72 0.25,70 0.75,72 1.25,65 0.5,70 0.25,68 4.75,70 0.5,67 3.5,65
