0.5,60 0.5,62 0.5,65 0.5,67 0.5,65 0.5,67 1,69 1,69 0.5,69 0.5,67 0.5,65 0.5,67 1,69
1,69 0.5,69 0.5,67 0.5,65 0.75,67 0.75,65 0.5,62 0.75,65 0.75,67 0.5,69 1.5,69
0.5,60 0.5,62 0.5,65 0.5,67 0.5,65 0.5,67 1,65 1,72 0.5,69 0.5,67 0.5,69 0.5,67 1,65
1,69 0.5,69 0.5,67 0.5,65 0.75,67 0.75,67 0.5,67 0.75,67 0.75,65 0.5,62 1.5,67
0.5,60 0.5,62 0.5,65 0.5,67 0.5,65 0.5,67 1,69 1,72 0.5,69 0.5,67 0.5,65 0.5,67 1,69
1,74 0.5,69 0.5,67 0.5,65 0.75,67 0.75,65 0.5,62 0.75,65 0.75,67 0.5,69 1.5,72
0.5,60 0.5,62 0.5,65 0.5,67 0.5,65 0.5,67 1,65 1,74 0.5,72 0.5,69 0.5,67 0.5,67 1,65
1,69 0.5,69 0.5,67 0.5,65 0.75,67 0.75,67 0.5,67 0.75,67 0.75,65 0.5,62 1.5,65
0.5,65 0.5,77 0.5,76 0.5,76 0.5,74 0.75,76 0.75,74 0.5,72 0.5,74 0.5,72 0.5,69 0.5,67 0.5,69 0.5,72 0.5,74 1,72
0.5,72 0.5,74 0.5,72 0.75,74 0.75,74 0.5,74 0.75,74 0.75,72 0.5,74 0.5,72 1.5,69 0.5,0
0.5,65 0.5,67 0.5,69 0.5,72 0.5,69 0.5,67 1,65 0.5,65 0.5,67 0.5,69 0.5,74 0.5,69 0.5,67 1,65
0.5,65 0.5,65 0.5,65 0.75,77 0.75,77 0.5,77 0.75,77 0.75,74 0.5,77 1.5,74 1,72
0.5,65 0.5,77 0.5,76 0.5,77 0.5,76 0.5,74 0.5,72 0.5,74 0.5,72 0.5,69 0.5,67 0.5,69 0.5,72 0.5,74 1,72
0.5,72 0.5,74 0.5,72 0.75,74 0.75,74 0.5,74 0.75,74 0.75,72 0.5,74 0.5,72 1.5,69 0.5,0
0.5,65 0.5,67 0.5,69 0.5,72 0.5,69 0.5,67 1,65 0.5,65 0.5,67 0.5,69 0.5,74 0.5,69 0.5,67 0.5,65 2,77 3.75,0
0.5,77 0.5,74 0.5,77 0.5,74 1,72 0.5,72 0.5,74 0.5,72 0.5,69 0.5,67 0.5,69 0.75,67 0.5,65 0.5,62 0.5,65 0.5,67 4,65 0.25,0
0.5,60 0.5,62 0.5,65 0.5,67 0.5,65 0.5,67 1,69 1,69 0.5,69 0.5,67 0.5,65 0.5,67 1,69
1,69 0.5,69 0.5,67 0.5,65 0.75,67 0.75,65 0.5,62 0.75,65 0.75,67 0.5,69 1.5,69
0.5,60 0.5,62 0.5,65 0.5,67 0.5,65 0.5,67 1,65 1,72 0.5,69 0.5,67 0.5,69 0.5,67 1,65
1,69 0.5,69 0.5,67 0.5,65 0.75,67 0.75,67 0.5,67 0.75,67 0.75,65 0.5,62 1.5,67
0.5,60 0.5,62 0.5,65 0.5,67 0.5,65 0.5,67 1,69 1,72 0.5,69 0.5,67 0.5,65 0.5,67 1,69
1,74 0.5,69 0.5,67 0.5,65 0.75,67 0.75,65 0.5,62 0.75,65 0.75,67 0.5,69 1.5,72
0.5,60 0.5,62 0.5,65 0.5,67 0.5,65 0.5,67 1,65 1,74 0.5,72 0.5,69 0.5,67 0.5,67 1,65
1,69 0.5,69 0.5,67 0.5,65 0.75,67 0.75,67 0.5,67 0.75,67 0.75,65 0.5,62 1.5,65
0.5,65 0.5,77 0.5,76 0.5,76 0.5,74 0.75,76 0.75,74 0.5,72 0.5,74 0.5,72 0.5,69 0.5,67 0.5,69 0.5,72 0.5,74 1,72
0.5,72 0.5,74 0.5,72 0.75,74 0.75,74 0.5,74 0.75,74 0.75,72 0.5,74 0.5,72 1.5,69 0.5,0
0.5,65 0.5,67 0.5,69 0.5,72 0.5,69 0.5,67 1,65 0.5,65 0.5,67 0.5,69 0.5,74 0.5,69 0.5,67 1,65
0.5,65 0.5,65 0.5,65 0.75,77 0.75,77 0.5,77 0.75,77 0.75,74 0.5,77 1.5,74 1,72
0.5,65 0.5,77 0.5,76 0.5,77 0.5,76 0.5,74 0.5,72 0.5,74 0.5,72 0.5,69 0.5,67 0.5,69 0.5,72 0.5,74 1,72
0.5,72 0.5,74 0.5,72 0.75,74 0.75,74 0.5,74 0.75,74 0.75,72 0.5,74 0.5,72 1.5,69 0.5,0
0.5,65 0.5,67 0.5,69 0.5,72 0.5,69 0.5,67 1,65 0.5,65 0.5,67 0.5,69 0.5,74 0.5,69 0.5,67 0.5,65 2,77 2.75,0
0.5,77 0.5,74 0.5,77 0.5,74 1,72 0.5,72 0.5,74 0.5,72 0.5,69 0.5,67 0.5,69 1,67 0.5,65 0.5,62 0.5,65 0.5,67 4,65
0.5,65 0.5,77 0.5,76 0.5,76 0.5,74 0.75,76 0.75,74 0.5,72 0.5,74 0.5,72 0.5,69 0.5,67 0.5,69 0.5,72 0.5,74 1,72
0.5,72 0.5,74 0.5,72 0.75,74 0.75,74 0.5,74 0.75,74 0.75,72 0.5,74 0.5,72 1.5,69 0.5,0
0.5,65 0.5,67 0.5,69 0.5,72 0.5,69 0.5,67 1,65 0.5,65 0.5,67 0.5,69 0.5,74 0.5,69 0.5,67 1,65
0.5,65 0.5,65 0.5,65 0.75,77 0.75,77 0.5,77 0.75,77 0.75,74 0.5,77 1.5,74 1,72
0.5,65 0.5,77 0.5,76 0.5,77 0.5,76 0.5,74 0.5,72 0.5,74 0.5,72 0.5,69 0.5,67 0.5,69 0.5,72 0.5,74 1,72
0.5,72 0.5,74 0.5,72 0.75,74 0.75,74 0.5,74 0.75,74 0.75,72 0.5,74 0.5,72 1.5,69 0.5,0
0.5,65 0.5,67 0.5,69 0.5,72 0.5,69 0.5,67 1,65 0.5,65 0.5,67 0.5,69 0.5,74 0.5,69 0.5,67 0.5,65 2,77 5.5,0
0.5,77 0.5,74 0.5,77 0.5,74 1,72 0.5,72 0.5,74 0.5,72 0.5,69 0.5,67 0.5,69 0.75,67 0.5,0 0.5,65 0.75,62 0.75,65 0.5,67 4,65 0.5,0
0.5,65 0.5,62 0.5,65 0.5,74 0.625,72 0.5,72 0.5,74 0.5,72 0.5,69 0.5,72 0.5,81 0.75,79 0.625,77 0.625,74 1,77 0.75,79 4,77
