1.5,71 0.5,73 2,73 2,0 0.5,71 0.5,73 0.5,71 0.5,66 1.5,71 0.5,73 2,73 4,0
2,71 2,73 1,0 1,69 1,74 1,73 2,69 6,0
1.5,78 0.5,79 2,79 1.5,0 0.5,69 0.5,71 0.5,69 0.5,68 0.5,69 1.5,76 0.5,78 2,78 2,0
1,67 1,67 1.5,74 0.5,73 1,73 0.5,0 0.5,67 1.5,74 0.5,73 1,73 0.5,0 0.5,66 0.5,73 0.5,71 0.5,73 1.5,74 0.5,0 0.5,74 0.5,76 0.5,74 0.75,76 2.25,78
2,78 3,0
0.5,78 0.5,83 1,83 1,78 2,76 3,0 0.5,76 0.5,81 1,81 1,76 2,74 3.5,0
0.5,74 0.5,73 0.5,74 0.5,76 0.5,79 1.5,79 0.5,78 0.5,0 0.5,78 0.5,76 0.5,74 0.5,76 0.5,78 2,78 1,0
2,78 3,0
0.5,78 0.5,83 1,83 1,78 2,76 3,0 0.5,78 0.5,83 1,85 1,78 1.5,76 0.25,78 0.25,76 2,74 1,0
0.5,71 0.5,76 1,78 0.5,73 0.5,74 1.5,73 0.25,74 0.25,73 2,71 4,0
1.5,71 0.5,73 2,73 2,0 0.5,71 0.5,73 0.5,71 0.5,66 1.5,71 0.5,73 2,73 4,0
1.5,71 0.5,73 2,73 1,0 1,69 1,74 1,73 2,69 6,0
1.5,78 0.5,79 2,79 1.5,0 0.5,69 0.5,71 0.5,69 0.5,68 0.5,69 1.5,76 0.5,78 2,78 2,0
1,67 1,67 1.5,74 0.5,73 1,73 0.5,0 0.5,67 1.5,74 0.5,73 1,73 0.5,0 0.5,66 0.5,73 0.5,71 0.5,73 1.5,74 1,0 0.5,76 0.5,74 0.75,76 2.25,78
2,78 3,0
0.5,78 0.5,83 1,83 1,78 2,76 3,0 0.5,76 0.5,81 1,81 1,76 2,74 3.5,0
0.5,74 0.5,73 0.5,74 0.5,76 0.5,79 1.5,79 0.5,78 0.5,0 0.5,78 0.5,76 0.5,74 0.5,76 0.5,78 2,78 1,0
2,78 3,0
0.5,78 0.5,83 1,83 0.5,78 0.5,76 2,76 3,0 0.5,78 0.5,83 1,85 0.5,78 0.5,76 1.5,76 0.25,78 0.25,76 2,74 1,0
0.5,71 0.5,76 1,78 0.5,73 0.5,74 1.5,73 0.25,74 0.25,73 2,71 4,0
2,78 3,0
0.5,78 0.5,83 1,83 1,78 2,76 3,0 0.5,76 0.5,81 1,81 1,76 2,74 3.25,0
0.5,74 0.5,73 0.5,74 0.5,76 0.5,79 1.5,79 0.5,78 0.5,0 0.5,78 0.5,76 0.5,74 0.5,76 0.5,78 2,78 1,0
2,78 3,0
0.5,78 0.5,83 1,83 1,78 2,76 3,0 0.5,78 0.5,83 1,85 1,78 1.5,76 0.25,78 0.25,76 2,74 1,0
0.5,71 0.5,76 1,78 0.5,73 0.5,74 1.5,73 0.25,74 0.25,73 2,71 4,0
