0.5,69 0.5,69 0.5,69 0.25,65 0.25,65 0.25,69 0.5,76 1.25,74
1,76 0.5,71 0.25,67 1.25,72 1.5,0
0.25,65 0.25,65 0.5,65 0.25,64 0.25,64 0.5,64 0.25,62 0.25,62
0.5,62 0.25,67 0.5,62 1.75,64 1.5,0
0.25,67 0.25,67 0.5,69 0.5,69 0.5,69 0.5,65 0.25,69 0.5,76 0.25,74 0.5,0
0.25,72 0.25,74 0.5,76 0.25,71 0.25,71 0.5,71 0.25,67 1.25,72 0.5,0
0.25,64 0.25,64 0.5,65 0.75,65 0.5,0
0.25,60 0.5,62 0.5,62 0.5,0 0.25,60 0.5,59 1.5,60 1.75,0
0.25,55 0.5,67 0.5,62 0.5,62 0.25,60
0.75,62 0.5,62 0.25,62 0.5,62 0.25,62 0.25,62 0.75,60 2.5,0
0.25,65 0.25,64 0.5,65 0.5,65 0.5,0
0.25,65 0.25,64 0.5,64 0.5,62 0.5,0 0.25,60 1.25,64 2.5,0
0.25,55 0.25,55 0.5,67 0.5,62
0.5,62 0.25,60 0.75,62 0.5,62 0.5,0 0.25,60 0.5,62 0.75,60 2.5,0
0.25,65 0.25,64 1,65 0.5,0
0.25,64 0.25,64 0.25,64 0.75,62 0.25,62 0.5,60 0.25,59 0.25,59 0.75,60 2.5,0
0.25,67 0.25,67 0.25,69 0.5,69 0.25,69
0.25,69 0.25,69 0.25,69 0.25,65 0.25,69 0.5,76 0.25,74 0.25,0
0.25,72 0.25,72 0.25,74 0.5,76 0.25,71 0.25,71 0.5,71 0.25,67 2.25,72 0.5,0
0.25,65 0.25,65 0.5,65 0.5,64 0.25,64 0.75,62
0.5,62 0.25,67 0.75,69 0.5,64 2.5,0
0.25,67 0.25,67 0.25,69 0.5,69 0.25,69 0.5,69
0.5,65 0.25,69 0.5,76 0.5,74
0.25,72 0.25,72 0.25,74 0.5,76
0.25,76 0.25,76 0.5,76 0.25,76 1.25,69 1.5,0
0.25,65 0.25,65 0.5,65 0.25,64 0.5,64 1,62 0.25,0
0.75,59 1,60
0.5,69 0.5,69 0.5,69 0.25,65 0.25,65 0.25,69 0.5,76 1.25,74
1,76 0.5,71 0.25,67 0.25,74 1,72 1.5,0
0.25,65 0.25,65 0.5,65 0.25,64 0.25,64 0.25,64 0.5,62 0.25,62
0.5,62 0.25,67 0.75,69 1.5,64 1.5,0
0.25,67 0.25,67 0.5,69 0.5,69 0.5,69 0.5,65 0.25,69 0.5,76 0.25,74 0.5,0
0.25,72 0.25,74 0.5,76 0.25,71 0.25,71 0.5,71 0.25,67 1.25,72 0.5,0
0.25,64 0.25,64 0.5,65 0.75,65 0.5,0
0.25,60 0.5,62 0.5,62 0.5,0 0.25,60 0.5,59 1.5,60 1.5,0
0.25,64 0.25,64 0.5,65 0.5,65 0.75,0
0.25,60 0.5,62 0.5,62 0.75,0 0.5,59 1.5,60 2,0
1,64 1,67 1,64 1,0
1,64 0.5,62 0.5,60 1,57 1,0
1,57 0.75,64 0.25,62 1,62 0.75,67 0.25,64 1,64 3,0
1,64 1,67 1,64 1,0
1,64 0.5,62 0.5,60 1,57 1,0
1,53 0.75,64 0.25,62 1,62 1,59 2,60 2,0
1,76 1,79 2,76
1,76 0.5,74 0.5,72 2,69
1,67 0.75,76 0.25,74 1,74 0.75,79 0.25,76 3,76 1,0
1,76 1,79 2,76
1,76 0.5,74 0.5,72 2,69
1,67 1,76 1,74 1,71 2,72 2,0
1,67 1,76 1.25,74 1,71 3,72 1,0
