0.75,65 0.25,65 0.25,65 0.25,64 0.25,62 0.25,64 0.25,62 1.25,60
0.25,60 0.25,60 0.5,62 0.5,62 0.25,62 0.25,60 0.25,60 0.25,58 0.5,58 1.5,57
1,65 0.25,65 0.25,64 0.25,62 0.25,64 0.25,62 0.75,60
0.25,60 0.25,65 0.25,67 0.25,69 0.5,70 0.5,69 0.75,67 0.25,65 2,60
0.75,65 0.25,65 0.25,65 0.25,64 0.25,62 0.25,64 0.25,62 1.25,60
0.25,60 0.25,60 0.5,62 0.5,62 0.25,62 0.25,60 0.25,60 0.25,58 0.25,58 1.25,57
0.25,60 0.25,60 0.5,65 0.5,65 0.25,65 0.25,64 0.25,62 0.25,64 0.75,60 0.25,65
0.25,60 0.25,65 0.25,67 0.25,69 0.5,70 0.25,69 0.75,67 0.5,65 2,67 0.5,0
0.25,60 0.25,65 0.5,72 0.25,70 0.25,69 0.5,67 0.25,69 0.75,69 0.25,65 0.25,67 0.5,0
0.25,67 0.25,67 0.5,72 0.25,69 0.25,67 0.5,67 0.25,60 0.5,67 0.25,69 0.25,67 0.25,65 1,65
0.5,69 0.25,70 0.25,72 0.25,72 0.25,70 0.25,69 0.25,70 0.25,69 0.5,65
0.25,65 0.25,65 0.5,64 0.25,60 0.5,69 0.25,67 0.25,65 0.75,67 1.25,69 0.75,0
0.25,60 0.5,72 0.25,70 0.25,69 0.5,67 0.25,69 0.5,69 0.25,70 0.5,67 0.5,67
0.25,67 0.25,67 0.5,72 0.25,69 0.25,67 0.5,67 0.25,60 0.5,67 0.25,69 0.25,67 0.25,66 1,66
0.25,69 0.5,70 0.25,72 0.25,72 0.25,70 0.25,69 0.25,70 0.25,69 0.5,65
0.25,65 0.25,65 0.5,65 0.25,60 0.5,69 0.25,67 0.25,65 0.75,67 1.25,65
0.75,65 0.25,65 0.25,65 0.25,64 0.25,62 0.25,64 0.25,62 1.25,60
0.25,60 0.25,60 0.5,62 0.5,62 0.25,62 0.25,60 0.25,60 0.25,58 0.25,58 1.25,57
0.25,60 0.25,60 0.5,65 0.5,65 0.25,65 0.25,64 0.25,62 0.25,64 0.75,60 0.25,65
0.25,60 0.25,65 0.25,67 0.25,69 0.5,70 0.25,69 0.75,67 0.5,65 2,67 0.5,0
0.25,60 0.25,65 0.5,72 0.25,70 0.25,69 0.5,67 0.25,69 0.75,69 0.25,65 0.25,67 0.5,0
0.25,67 0.25,67 0.5,72 0.25,69 0.25,67 0.5,67 0.25,60 0.5,67 0.25,69 0.25,67 0.25,65 1,65
0.5,69 0.25,70 0.25,72 0.25,72 0.25,70 0.25,69 0.25,70 0.25,69 0.5,65
0.25,65 0.25,65 0.5,64 0.25,60 0.5,69 0.25,67 0.25,65 0.75,67 1.25,69 0.75,0
0.25,60 0.5,72 0.25,70 0.25,69 0.5,67 0.25,69 0.5,69 0.25,70 0.5,67 0.5,67
0.25,67 0.25,67 0.5,72 0.25,69 0.25,67 0.5,67 0.25,60 0.5,67 0.25,69 0.25,67 0.25,66 1,66
0.25,69 0.5,70 0.25,72 0.25,72 0.25,70 0.25,69 0.25,70 0.25,69 0.5,65
0.25,65 0.25,65 0.5,65 0.25,60 0.5,69 0.25,67 0.25,65 0.75,67 1.25,65 2.5,0
0.25,70 0.25,70 0.25,70 0.25,69 0.25,67 0.25,69 0.75,65 0.5,62 0.25,62 0.25,64 0.5,65 0.25,62 0.25,64 0.25,65 0.5,65 0.25,64 0.25,62 0.25,62 1.75,60 0.5,0
0.25,70 0.25,70 0.25,70 0.25,69 0.25,67 0.25,69 0.75,65 0.5,72 0.25,69 0.25,69 0.5,72 0.25,69 0.25,70 0.5,72 0.5,74 2.25,72 0.5,0
0.25,60 0.25,65 0.5,72 0.25,70 0.25,69 0.5,67 0.25,69 0.75,69 0.25,65 0.25,67 0.5,0
0.25,67 0.25,67 0.5,72 0.25,69 0.25,67 0.5,67 0.25,60 0.5,67 0.25,69 0.25,67 0.25,65 1,65
0.5,69 0.25,70 0.25,72 0.25,72 0.25,70 0.25,69 0.25,70 0.25,69 0.5,65
0.25,65 0.25,65 0.5,64 0.25,60 0.5,69 0.25,67 0.25,65 0.75,67 1.25,69 0.75,0
0.25,60 0.5,72 0.25,70 0.25,69 0.5,67 0.25,69 0.5,69 0.25,70 0.5,67 0.5,67
0.25,67 0.25,67 0.5,72 0.25,69 0.25,67 0.5,67 0.25,60 0.5,69 0.25,72 0.5,74 1,69
0.25,69 0.5,70 0.25,72 0.25,72 0.25,70 0.25,69 0.25,70 0.25,69 0.5,65
0.25,65 0.25,65 0.75,65 0.25,60 0.5,69 0.25,67 0.25,65 0.75,67 1.25,65
