0.5,56 0.5,61 1.5,65
0.5,68 1,65 0.5,63 0.5,61 0.5,61 0.5,61 0.5,61 0.25,58 0.25,56 1,56
0.5,56 0.5,61 1.5,65
0.5,68 0.5,68 0.5,68 0.5,70 0.5,68
0.5,68 0.25,63 0.25,65 0.5,63 0.25,61 0.25,63 1,63
0.5,70 0.5,68 1.5,65
0.5,68 0.5,68 0.5,68 0.5,70 0.5,68 0.5,65 0.5,63 0.5,61 0.25,61 0.25,63 1,58
0.5,56 0.5,58 1.5,61
0.25,63 0.25,65 1,63 0.5,65 0.5,61 3,61
0.5,56 0.5,61 1.5,65
0.5,68 1,65 0.5,63 0.5,61 0.5,61 0.5,61 0.5,61 0.25,58 0.25,56 1,56
0.5,56 0.5,61 1.5,65
0.5,68 0.5,68 0.5,68 0.5,70 0.5,68
0.5,68 0.25,63 0.25,65 0.5,63 0.25,61 0.25,63 1,63
0.5,70 0.5,68 1.5,65
0.5,68 0.5,68 0.5,68 0.5,70 0.5,68 0.5,65 0.5,63 0.5,61 0.25,61 0.25,63 1,58
0.5,56 0.5,58 1.5,61
0.25,63 0.25,65 1,63 0.5,65 0.5,61 3,61
0.5,65 0.5,68 1.5,73
0.25,72 0.25,73 1,72
0.5,70 0.5,68 0.5,70 0.5,73 0.5,65 0.5,63 1,61
0.5,61 0.5,61 0.5,61 1,73 0.25,68 0.25,70
0.5,68 0.25,63 0.25,65 0.5,63 0.25,61 0.25,63 3,63
0.5,65 0.5,68 1.5,73
0.25,72 0.25,73 1,72
0.5,70 0.5,68 0.5,70 0.5,73 0.5,65 0.5,63 1,61
0.5,61 0.5,61 0.5,61 1,73 0.25,68 0.25,70
0.5,68 0.25,63 0.25,65 0.5,63 0.5,61 3,61
0.5,56 0.5,61 1.5,65
0.5,68 1,65 0.5,63 0.5,61 0.5,61 0.5,61 0.5,61 0.25,58 0.25,56 1,56
0.5,56 0.5,61 1.5,65
0.5,68 0.5,68 0.5,68 0.5,70 0.5,68
0.5,68 0.25,63 0.25,65 0.5,63 0.25,61 0.25,63 1,63
0.5,70 0.5,68 1.5,65
0.5,68 0.5,68 0.5,68 0.5,70 0.5,68 0.5,65 0.5,63 0.5,61 0.25,61 0.25,63 1,58
0.5,56 0.5,58 1.5,61
0.25,63 0.25,65 1,63 0.5,65 0.5,61 3,61
0.5,65 0.5,68 1.5,73
0.25,72 0.25,73 1,72
0.5,70 0.5,68 0.5,70 0.5,73 0.5,65 0.5,63 1,61
0.5,61 0.5,61 0.5,61 1,73 0.25,68 0.25,70
0.5,68 0.25,63 0.25,65 0.5,63 0.25,61 0.25,63 3,63
0.5,65 0.5,68 1.5,73
0.25,72 0.25,73 1,72
0.5,70 0.5,68 0.5,70 0.5,73 0.5,65 0.5,63 1,61
0.5,61 0.5,61 0.5,61 1,73 0.25,68 0.25,70
0.5,68 0.25,63 0.25,65 0.5,63 0.5,61 3,61
0.5,65 0.5,68 1.5,73 0.25,72 0.25,73 1,72
0.5,70 0.5,68 0.5,70 0.5,73 0.5,65 0.5,63 1,61
0.5,61 0.5,61 0.5,61
1,73 0.25,68 0.25,70
0.5,68 0.25,63 0.25,65 1,63 2,0 0.5,61 1.5,61
