0.5,73 0.5,73 0.5,78 0.5,77 0.5,78 1,78 0.5,0
0.5,73 0.5,73 0.5,78 1,77 1,73 0.5,0
0.5,70 0.5,70 0.5,73 0.5,73 0.5,66 0.5,68 0.25,66
0.25,66 0.5,66 0.5,68 0.5,70 0.5,68 0.5,0 0.5,66 0.5,70 0.5,68 0.5,0
0.5,73 0.5,73 0.5,78 0.5,77 0.5,78 1,78 0.5,0
0.5,78 0.5,80 0.5,78 0.5,82 0.5,78 0.5,80 0.5,78 0.5,0
0.5,85 0.5,82 0.5,78 0.5,80 0.5,78 0.5,73 0.5,78 0.5,0
0.5,78 0.5,82 0.5,78 1,78 1,80
1,82 0.5,0 0.5,82 0.5,80 0.5,82 0.5,80 0.5,78 0.5,75 0.5,78 0.5,80 0.5,82 1,82 1,73
1,82 0.5,0 0.5,85 0.5,85 0.5,82 0.25,80 0.25,78 0.5,78 1,78 1,80 1,82 1,80 4.5,0
0.5,85 0.5,82 0.25,80 0.25,78 0.5,78 0.5,80 1,82 0.5,0
0.5,85 0.5,82 0.5,85 1,82 1,78 0.5,0
0.5,73 0.5,75 0.5,78 0.5,73 0.5,75 0.75,78
0.25,78 0.5,78 0.5,80 0.5,82 0.5,78 0.5,82 0.5,80 1,80 0.5,0
0.5,85 0.5,82 0.5,80 0.5,78 0.5,80 1,82 0.5,0
0.5,85 0.5,82 0.5,85 0.5,87 0.5,85 0.5,82 0.5,78 0.5,0
0.5,73 0.5,75 0.5,78 0.5,73 0.5,75 1,78
0.5,78 0.5,80 0.5,82 0.5,78 0.5,0 0.5,73 0.5,80 0.5,78 4,78
0.5,73 0.5,73 0.5,78 0.5,77 0.5,78 1,78 0.5,0
0.5,73 0.5,73 0.5,78 1,77 1,73 0.5,0
0.5,70 0.5,70 0.5,73 0.5,73 0.5,66 0.5,68 0.25,66
0.25,66 0.5,66 0.5,68 0.5,70 0.5,68 0.5,0 0.5,66 0.5,70 0.5,68 0.5,0
0.5,73 0.5,73 0.5,78 0.5,77 0.5,78 1,78 0.5,0
0.5,78 0.5,80 0.5,78 0.5,82 0.5,85 0.5,82 0.5,78 0.5,0
0.5,85 0.5,82 0.5,78 0.5,80 0.5,78 0.5,73 0.5,78 0.5,0
0.5,78 0.5,82 0.5,78 1,78 1,80
1,82 0.5,0 0.5,82 0.5,80 0.5,82 0.5,80 0.5,78 0.5,75 0.5,78 0.5,80 0.5,82 1,82 1,73
1,82 0.5,0 0.5,85 0.5,85 0.5,82 0.25,80 0.25,78 0.5,78 1,78 1,80 1,82 1,80 4.5,0
0.5,85 0.5,82 0.25,80 0.25,78 0.5,78 0.5,80 1,82 0.5,0
0.5,85 0.5,82 0.5,85 1,82 1,78 0.5,0
0.5,73 0.5,75 0.5,78 0.5,73 0.5,75 0.75,78
0.25,78 0.5,78 0.5,80 0.5,82 0.5,78 0.5,82 0.5,80 1,80 0.5,0
0.5,85 0.5,82 0.5,80 0.5,78 0.5,80 1,82 0.5,0
0.5,85 0.5,82 0.5,85 0.5,87 0.5,85 0.5,82 0.5,78 0.5,0
0.5,73 0.5,75 0.5,78 0.5,73 0.5,75 1,78
0.5,78 0.5,80 0.5,82 0.5,78 0.33,0 0.5,73 0.5,80 0.5,78 3,78 1,0 4,0
0.5,85 0.5,82 0.25,80 0.25,78 0.5,78 0.5,80 1,82 0.5,0
0.5,85 0.5,82 0.5,85 1,82 1,78 0.5,0
0.5,73 0.5,75 0.5,78 0.5,73 0.5,75 0.75,78
0.25,78 0.5,78 0.5,80 0.5,82 0.5,78 0.5,82 0.5,80 1,80 0.5,0
0.5,85 0.5,82 0.5,80 0.5,78 0.5,80 1,82 0.5,0
0.5,85 0.5,82 0.5,85 0.5,87 0.5,85 0.5,82 0.5,78 0.5,0
0.5,73 0.5,75 0.5,78 0.5,73 0.5,75 1,78
0.5,78 0.5,80 0.5,82 0.5,78 0.5,0 0.5,73 0.5,80 0.5,78 4,78
