0.25,74 0.25,74 0.25,72 0.25,71 1.75,71 0.25,69 0.25,67 0.5,71 0.25,72 3.25,72 0.75,0
0.25,72 0.25,72 0.25,71 0.25,71 1.75,69 0.25,69 0.25,67 0.5,69 0.25,71 3.25,71 0.75,0
0.25,74 0.25,74 0.25,72 0.25,71 1.75,71 0.25,69 0.25,67 0.5,71 0.25,72 3.25,72 0.75,0
0.25,72 0.25,72 0.25,71 0.25,71 1.75,69 0.25,69 0.25,71 0.5,69 0.25,67 2.25,67
0.5,71 0.5,74 1.5,79 0.25,78 0.25,79 0.5,78 0.25,71 1.25,74
0.5,74 0.25,74 0.25,76 0.5,67 0.25,74 0.25,74 1,71
0.5,71 0.5,74 0.25,74 0.25,72 0.25,71 1.25,72
0.25,74 0.25,72 0.25,71 0.5,72 0.25,72 0.25,71 0.25,72 0.25,76 2.75,74
0.25,74 0.25,76 0.25,79 0.25,76 0.75,83 0.5,83 0.5,76 1,81
0.25,81 0.25,81 0.25,79 0.25,78 0.25,79 0.5,81 0.25,83 0.5,81 0.5,74 1.25,79
0.25,79 0.25,78 0.25,76 0.25,78 0.5,79 0.25,72 0.5,72
0.25,79 0.25,79 0.25,81 0.5,79 0.25,74 1,74 0.25,74 1,84 0.5,83 0.25,81 1.25,83
0.25,74 0.25,76 0.25,79 0.25,76 0.75,83 0.5,83 0.5,76 1,81
0.25,81 0.25,81 0.25,79 0.25,78 0.25,79 0.5,81 0.25,83 0.5,81 0.5,74 1.25,79
0.25,79 0.25,78 0.25,76 0.25,78 0.5,79 0.25,72 0.5,72
0.25,79 0.25,79 0.25,81 0.5,79 0.25,74 1,74
0.25,74 1,76 1,78 0.5,79 0.5,79 0.5,78 4.5,79
0.25,74 0.25,74 0.25,72 0.25,71 1.75,71 0.25,69 0.25,67 0.5,71 0.25,72 3.25,72 0.75,0
0.25,72 0.25,72 0.25,71 0.25,71 1.75,69 0.25,69 0.25,67 0.5,69 0.25,71 3.25,71 0.75,0
0.25,74 0.25,74 0.25,72 0.25,71 1.75,71 0.25,69 0.25,67 0.5,71 0.25,72 3.25,72 0.75,0
0.25,72 0.25,72 0.25,71 0.25,71 1.75,69 0.25,69 0.25,71 0.5,69 0.25,67 2.25,67
0.5,71 0.5,74 1.5,79 0.25,78 0.25,79 0.5,78 0.25,71 1.25,74
0.5,74 0.25,74 0.25,76 0.5,67 0.25,74 0.25,74 1,71
0.5,71 0.5,74 0.25,74 0.25,72 0.25,71 1.25,72
0.25,74 0.25,72 0.25,71 0.5,72 0.25,72 0.25,71 0.25,72 0.25,76 2.75,74
0.25,74 0.25,76 0.25,79 0.25,76 0.75,83 0.5,83 0.5,76 1,81
0.25,81 0.25,81 0.25,79 0.25,78 0.25,79 0.5,81 0.25,83 0.5,81 0.5,74 1.25,79
0.25,79 0.25,78 0.25,76 0.25,78 0.5,79 0.25,72 0.5,72
0.25,79 0.25,79 0.25,81 0.5,79 0.25,74 1,74 0.25,74 1,84 0.5,83 0.25,81 1.25,83
0.25,74 0.25,76 0.25,79 0.25,76 0.75,83 0.5,83 0.5,76 1,81
0.25,81 0.25,81 0.25,79 0.25,78 0.25,79 0.5,81 0.25,83 0.5,81 0.5,74 1.25,79
0.25,79 0.25,78 0.25,76 0.25,78 0.5,79 0.25,72 0.5,72
0.25,79 0.25,79 0.25,81 0.5,79 0.25,74 1,74
0.25,74 1,76 1,78 0.5,79 0.5,79 0.5,78 3.5,79
0.25,74 0.25,76 0.25,79 0.25,76 0.75,83 0.5,83 0.5,76 1,81
0.25,81 0.25,81 0.25,79 0.25,78 0.25,79 0.5,81 0.25,83 0.5,81 0.5,74 1.25,79
0.25,79 0.25,78 0.25,76 0.25,78 0.5,79 0.25,72 0.5,72
0.25,79 0.25,79 0.25,81 0.5,79 0.25,74 1,74 0.25,74 1,84 0.5,83 0.25,81 1.25,83
0.25,74 0.25,76 0.25,79 0.25,76 0.75,83 0.5,83 0.5,76 1,81
0.25,81 0.25,81 0.25,79 0.25,78 0.25,79 0.5,81 0.25,83 0.5,81 0.5,74 1,79
0.25,71 0.25,79 0.25,78 0.25,76 0.25,78 0.5,79 0.25,72 0.5,72
0.25,79 0.25,79 0.25,81 0.5,79 0.25,74 1,74 0.25,74 1,76 1,78 0.5,79 0.5,79 0.5,78 2.5,79 2,0
0.25,74 0.75,76 1,78 0.75,79 0.5,79 1,78 3.5,79
