0.25,61 0.75,70 0.25,68 0.5,70 0.5,73 0.5,73 0.5,70 1,68 0.5,66 1,66 2.25,0
0.25,73 0.5,75 0.25,73 0.5,75 0.75,78 0.5,78 0.5,73 1,73 0.5,70 1.5,68 1.75,0
0.25,61 0.5,70 0.25,68 0.5,70 0.75,73 0.5,74 0.5,70 0.5,68 0.5,66 1,66 2.75,0
0.25,73 0.5,75 0.5,73 0.75,75 0.25,70 0.5,68 0.5,70 0.75,68 0.5,66 1,66 2.5,0
0.25,61 0.5,70 0.25,68 0.5,70 0.75,73 0.5,73 0.25,70 0.75,68 0.25,66 1,66 3,0
0.25,73 0.5,75 0.25,73 0.5,75 0.75,78 0.5,78 0.25,73 0.5,73 1,70 1.5,68 2,0
0.25,61 0.5,70 0.25,68 0.25,70 0.75,73 0.5,74 0.25,74 0.5,75 0.5,77 1.5,78 0.25,80 1.5,78 0.25,0
0.25,73 0.5,75 0.5,73 0.75,75 0.25,73 0.5,75 0.5,73 0.5,75 0.5,78 3,78 0.5,0
0.25,75 0.25,77 0.5,78 0.25,77 0.5,78 0.75,80
0.5,77 0.25,75 0.5,77 0.75,78 0.5,75 0.25,73 0.5,73 0.25,71 0.25,73 1.75,73
0.25,75 0.25,77 0.5,78 0.25,77 0.5,78 0.75,80 0.5,77 0.25,75 0.5,77 0.5,78 1.5,75 0.25,73 0.25,75 1.5,73 0.25,0
0.25,75 0.25,77 0.5,78 0.25,77 0.5,78 0.75,80
0.5,77 0.25,75 0.5,77 0.75,78 0.5,75 0.25,73 0.5,73 0.25,71 0.25,73 1.5,73 0.25,0
0.25,75 0.25,77 0.5,78 0.25,77 0.5,78 0.75,80 0.5,82 0.25,80 0.5,80 0.5,78 3,80 1,0 0.5,0
0.5,75 0.5,85 0.5,82 0.5,78 2,80 0.5,74 0.5,85 0.5,82 0.5,73 1.875,78
0.5,75 0.5,85 0.5,82 0.5,78 1.25,77 0.5,78 0.25,80 1.5,83 0.25,82 2,82 0.25,0
0.5,75 0.5,85 0.5,82 0.25,78 2.25,80 0.5,74 0.5,85 0.5,82 0.25,73 2,78 0.25,0
0.5,75 0.5,85 0.5,82 0.5,78 1.5,77 0.5,78 3,78 0.75,0
0.25,61 0.5,70 0.25,68 0.5,70 0.75,73 0.5,73 0.25,70 1,68 0.25,66 1,66 2.75,0
0.25,73 0.5,75 0.25,73 0.5,75 0.75,78 0.5,78 0.25,73 0.5,73 1,70 1.5,68 2,0
0.25,61 0.5,70 0.25,68 0.25,70 0.75,73 0.5,74 0.25,74 0.5,75 0.5,77 1.5,78 0.25,80 1.5,78 0.25,0
0.25,73 0.5,75 0.25,73 0.5,75 0.75,73 0.5,75 0.25,73 0.5,75 0.5,78 3,78 0.75,0
0.25,75 0.25,77 0.5,78 0.25,77 0.5,78 0.75,80
0.5,77 0.25,75 0.5,77 0.75,78 0.5,75 0.25,73 0.5,73 0.25,71 0.25,73 1.75,73
0.25,75 0.25,77 0.5,78 0.25,77 0.5,78 0.75,80 0.5,77 0.25,75 0.5,77 0.5,78 1.5,75 0.25,73 0.25,75 1.5,73 0.25,0
0.25,75 0.25,77 0.5,78 0.25,77 0.5,78 0.75,80
0.5,77 0.25,75 0.5,77 0.75,78 0.5,75 0.25,73 0.5,73 0.25,71 0.25,73 1.5,73 0.25,0
0.25,75 0.25,77 0.5,78 0.25,77 0.5,78 0.75,80 0.5,82 0.25,80 0.5,80 0.5,78 3,80 1,0 0.5,0
0.5,75 0.5,85 0.5,82 0.25,78 2.25,80 0.5,74 0.5,85 0.5,82 0.25,73 2.25,78
0.5,75 0.5,85 0.5,82 0.5,78 1.25,77 0.5,78 0.25,80 1.5,83 0.25,82 2,82 0.25,0
0.5,75 0.5,85 0.5,82 0.25,78 2.25,80 0.5,74 0.5,85 0.5,82 0.25,73 2,78 0.25,0
0.5,75 0.5,85 0.5,82 0.5,78 1.5,77 0.5,78 3,78 0.75,0
0.5,75 0.5,85 0.5,82 0.25,78 2.25,80 0.5,74 0.5,85 0.5,82 0.25,73 2.25,78
0.5,75 0.5,85 0.5,82 0.5,78 1.25,77 0.5,78 0.25,80 1.5,83 0.25,82 2,82 0.25,0
0.5,75 0.5,85 0.5,82 0.25,78 2.25,80 0.5,74 0.5,85 0.75,82 0.25,73 2,78
0.5,75 0.5,85 0.5,82 0.5,78 1.5,77 0.5,78 3,78 0.75,0
0.5,75 0.5,85 0.5,82 0.5,78 2,80 0.5,74 0.5,85 0.25,82 0.5,73 2.25,78
0.5,75 0.5,85 0.5,82 0.5,78 3.5,77 0.5,78 6,78
