0.25,72 0.25,69 0.25,69 0.25,67 0.25,69 0.25,67 0.25,69 0.25,72
0.25,72 0.25,69 0.25,69 0.25,67 0.25,69 0.25,67 0.25,69 0.25,72
0.25,77 0.25,74 0.25,74 0.25,72 0.25,74 0.25,72 0.5,72 0.5,65 0.75,69
0.25,65 0.25,77 0.75,74 0.25,74 0.25,74 0.25,74 0.5,74 0.25,72 0.25,74 0.25,72 0.25,69 0.5,72
0.25,65 0.25,77 0.75,74 0.25,74 0.25,74 0.25,74 0.25,72 0.25,69 1.25,72 0.25,0
0.25,65 0.25,74 0.75,74 0.25,74 0.25,72 0.5,74 0.25,72 0.25,74 0.5,76 0.25,74 1,76
0.25,76 0.25,77 0.25,76 0.25,74 0.25,72 0.25,72 0.5,77 0.25,79 2,79
0.5,69 0.25,72 0.75,77 0.25,79 0.75,81 0.25,72 0.25,74 0.25,0
0.25,74 0.25,77 0.25,74 0.25,76 0.25,74 0.25,74 0.5,72 0.5,82 1.25,81 0.25,0
0.25,81 0.25,82 0.5,81 0.25,79 0.25,79 0.5,77 0.75,79 0.5,76 0.25,74 1,72
0.25,72 0.25,74 0.5,77 0.25,77 0.25,77 0.5,81 2.25,79
0.5,69 0.25,72 0.75,77 0.25,79 0.75,81 0.25,72 0.25,74 0.25,0
0.25,74 0.25,77 0.25,74 0.25,76 0.25,74 0.25,74 0.5,72 0.5,82 1.25,81 0.25,0
0.25,81 0.25,82 0.5,81 0.25,79 0.25,79 0.5,77 0.75,79 0.5,76 0.25,74 1,72
0.25,72 0.25,74 0.5,77 0.5,77 0.5,81 1.25,79
0.25,72 0.5,77 0.25,76 3.5,77
0.25,72 0.25,69 0.25,69 0.25,67 0.25,69 0.25,67 0.25,69 0.25,72
0.25,72 0.25,69 0.25,69 0.25,67 0.25,69 0.25,67 0.25,69 0.25,72
0.25,77 0.25,74 0.25,74 0.25,72 0.25,74 0.25,72 0.5,72 0.5,65 0.75,69
0.25,65 0.25,77 0.75,74 0.25,74 0.25,74 0.25,74 0.5,74 0.25,72 0.25,74 0.25,72 0.25,69 0.5,72
0.25,65 0.25,77 0.75,74 0.25,74 0.25,74 0.25,74 0.25,72 0.25,69 1.25,72 0.25,0
0.25,65 0.25,74 0.75,74 0.25,74 0.25,72 0.5,74 0.25,72 0.25,74 0.5,76 0.25,74 1,76
0.25,76 0.25,77 0.25,76 0.25,74 0.25,72 0.25,72 0.5,77 0.25,79 2,79
0.5,69 0.25,72 0.75,77 0.25,79 0.75,81 0.25,72 0.25,74 0.25,0
0.25,74 0.25,77 0.25,74 0.25,76 0.25,74 0.25,74 0.5,72 0.5,82 1.25,81 0.25,0
0.25,81 0.25,82 0.5,81 0.25,79 0.25,79 0.5,77 0.75,79 0.5,76 0.25,74 1,72
0.25,72 0.25,74 0.5,77 0.25,77 0.25,77 0.5,81 2.25,79
0.5,69 0.25,72 0.75,77 0.25,79 0.75,81 0.25,72 0.25,74 0.25,0
0.25,74 0.25,77 0.25,74 0.25,76 0.25,74 0.25,74 0.5,72 0.5,82 1.25,81 0.25,0
0.25,81 0.25,82 0.5,81 0.25,79 0.25,79 0.5,77 0.75,79 0.5,76 0.25,74 1,72
0.25,72 0.25,74 0.5,77 0.5,77 0.5,81 1.25,79
0.25,72 0.5,77 0.25,76 4,77 0.5,0
0.25,74 0.25,74 0.25,74 0.75,77 0.5,76 0.25,77 0.5,76 0.5,72
0.25,72 0.25,81 0.5,81 0.25,81 0.25,84 0.5,79 0.25,81 2,77 0.5,0
0.25,74 0.25,74 0.25,74 0.75,77 0.5,76 0.25,77 0.5,76 0.5,72
0.25,72 0.25,82 0.5,81 0.25,82 0.25,81 0.5,77
0.25,77 0.33,82 0.33,81 0.33,82 0.25,81 0.75,77
0.5,69 0.25,72 0.75,77 0.25,79 0.75,81 0.25,72 0.25,74 0.25,0
0.25,74 0.25,77 0.25,74 0.25,76 0.25,74 0.25,74 0.5,72 0.5,82 1.25,81 0.25,0
0.25,81 0.25,82 0.5,81 0.25,79 0.25,79 0.5,77 0.75,79 0.5,76 0.25,74 1,72
0.25,72 0.25,74 0.5,77 0.25,77 0.25,77 0.5,81 2.25,79
0.5,69 0.25,72 0.75,77 0.25,79 0.75,81 0.25,72 0.25,74 0.25,0
0.25,74 0.25,77 0.25,74 0.25,76 0.25,74 0.25,74 0.5,72 0.5,82 1.25,81 0.25,0
0.25,81 0.25,82 0.5,81 0.25,79 0.25,79 0.5,77 0.75,79 0.5,76 0.25,74 1,72
0.25,72 0.25,74 0.5,77 0.5,77 0.5,81 1.25,79
0.25,72 0.5,77 0.25,76 0.5,79 4.5,77
