0.5,67 0.5,67 0.5,67 0.5,0 0.5,67 0.5,67 0.5,67 0.5,0 0.5,69 0.5,64 1.5,65
0.5,62 0.5,64 0.5,65 1.5,65 0.5,65 0.5,55 0.5,64 2.5,64 2.5,0
0.5,62 0.5,62 1,65 0.5,64 0.5,62 0.5,60 0.5,0
0.5,60 0.5,60 1,64 0.5,67 0.5,71 0.5,72 0.5,0
0.5,60 0.5,69 1,69 0.5,60 0.5,62 2.5,62 2.5,0
0.5,67 0.5,67 0.5,67 0.5,67 1,67
0.5,67 0.5,67 0.5,72 0.5,72 0.5,64 1,65
0.5,62 0.5,64 0.5,65 1,65
0.5,65 0.5,65 0.5,72 0.5,72 0.5,62 2,64 2.5,0
0.5,62 0.5,62 1,65 0.5,64 0.5,62 0.5,60 0.5,0
0.5,60 0.5,60 1,64 0.5,67 0.5,74 0.5,72 0.5,0
0.5,60 0.5,69 1,69 0.5,60 0.5,64 2,62
0.5,67 0.5,69 0.5,72 0.5,72 0.5,69 1,74
0.5,74 0.5,71 0.5,74 0.5,76 0.5,76 0.5,71 1.5,72
0.5,72 0.5,71 0.5,67 0.5,69 1.5,69
0.5,69 0.5,67 0.5,69 0.5,64 0.5,64 0.5,62 1.5,64
0.5,67 0.5,69 0.5,72 0.5,77 0.5,76 1,74
0.5,74 0.5,71 0.5,74 0.5,76 0.5,76 0.5,71 1.5,72
0.5,72 0.5,71 0.5,76 0.5,76 0.5,71 1,69
0.5,69 0.5,71 0.5,72 0.5,79 0.5,76 0.5,77 0.5,76 1,74
0.5,67 0.5,69 0.5,72 0.5,72 0.5,69 1,74
0.5,74 0.5,71 0.5,74 0.5,76 0.5,76 0.5,71 1.5,72
0.5,72 0.5,71 0.5,67 0.5,69 1.5,69
0.5,69 0.5,67 0.5,69 0.5,64 0.5,64 0.5,62 1.5,64
0.5,67 0.5,69 0.5,72 0.5,77 0.5,76 1,74
0.5,74 0.5,71 0.5,74 0.5,76 0.5,76 0.5,71 1.5,72
0.5,72 0.5,71 0.5,76 0.5,76 0.5,71 1,69
0.5,69 0.5,72 0.5,76 0.5,77 2.5,74 0.5,71 1,72 3.5,0
0.5,67 0.5,67 0.5,67 0.5,67 1,67
0.5,67 0.5,67 0.5,72 0.5,72 0.5,64 1,65
0.5,62 0.5,64 0.5,65 1,65
0.5,65 0.5,65 0.5,72 0.5,72 0.5,62 2,64 2.5,0
0.5,62 0.5,62 1,65 0.5,64 0.5,62 0.5,60 0.5,0
0.5,60 0.5,60 1,64 0.5,67 0.5,74 0.5,72 0.5,0
0.5,60 0.5,69 1,69 0.5,72 0.5,69 2,74
0.5,67 0.5,69 0.5,72 0.5,72 0.5,69 1,74
0.5,74 0.5,71 0.5,74 0.5,76 0.5,76 0.5,71 1.5,72
0.5,72 0.5,71 0.5,67 0.5,69 1.5,69
0.5,69 0.5,67 0.5,69 0.5,64 0.5,64 0.5,62 1.5,64
0.5,67 0.5,69 0.5,72 0.5,77 0.5,76 1,74
0.5,74 0.5,71 0.5,74 0.5,76 0.5,76 0.5,71 1.5,72
0.5,72 0.5,71 0.5,76 0.5,76 0.5,71 1,69
0.5,69 0.5,71 0.5,72 0.5,79 0.5,76 0.5,77 0.5,76 1,74
0.5,67 0.5,69 0.5,72 0.5,72 0.5,69 1,74
0.5,74 0.5,71 0.5,74 0.5,76 0.5,76 0.5,71 1.5,72
0.5,72 0.5,71 0.5,67 0.5,71 1.5,69
0.5,69 0.5,67 0.5,69 0.5,64 0.5,64 0.5,62 1.5,64
0.5,67 0.5,69 0.5,72 0.5,77 0.5,76 1,74
0.5,74 0.5,71 0.5,74 0.5,76 0.5,76 0.5,71 1.5,72
0.5,72 0.5,71 0.5,76 0.5,76 0.5,71 1,69
0.5,69 0.5,72 0.5,76 0.5,77 0.5,74 0.5,72 4,72 3,74 0.5,74 0.5,76 4,72 1.5,0
0.5,67 0.5,69 0.5,72 0.5,72 0.5,69 1,74 1,0
0.5,74 0.5,76 0.5,76 0.5,71 1.5,72
0.5,72 0.5,71 0.5,67 0.5,69 1.5,69
0.5,69 0.5,67 0.5,69 0.5,64 0.5,64 0.5,62 1.5,64
0.5,67 0.5,69 0.5,72 0.5,77 0.5,76 1,74
0.5,74 0.5,71 0.5,74 0.5,76 0.5,76 0.5,71 1.5,72
0.5,72 0.5,71 0.5,76 0.5,76 0.5,71 1,69
0.5,69 0.5,71 0.5,72 0.5,79 0.5,76 0.5,77 0.5,76 1,74
0.5,67 0.5,69 0.5,72 0.5,72 0.5,69 1,74
0.5,74 0.5,71 0.5,74 0.5,76 0.5,76 0.5,71 1.5,72
0.5,72 0.5,71 0.5,67 0.5,69 1.5,69
0.5,69 0.5,67 0.5,69 0.5,64 0.5,64 0.5,62 1.5,64
0.5,67 0.5,69 0.5,72 0.5,77 0.5,76 1,74
0.5,74 0.5,71 0.5,74 0.5,76 0.5,76 0.5,71 1.5,72
0.5,72 0.5,71 0.5,76 0.5,76 0.5,71 1,69
0.5,69 0.5,72 0.5,76 0.5,77 3.5,74 0.5,71 1,72
