0.25,65 0.25,65 0.25,67 0.5,69 0.5,69 0.5,69 0.25,70 1.25,69 0.25,0 0.25,69 0.25,67 0.25,65 0.5,67 0.5,67 0.5,67 0.25,70 1.25,69 0.5,0
0.5,67 0.5,65 0.25,64 1,65 0.25,64 0.5,65 0.5,64 0.5,62 0.25,60 2.25,60 1.25,0
0.25,65 0.25,67 0.25,69 1,70 0.5,62 0.5,65 1,64 0.75,0 0.25,60 0.5,69 0.5,70 0.5,69 0.25,67 0.25,65 0.5,0
0.5,65 0.5,64 0.5,65 0.5,70 0.5,69 0.5,67 0.25,65 0.75,70 0.5,69 0.5,67 0.25,65 2.25,67 1.25,0
0.25,65 0.25,65 0.25,67 0.5,69 0.5,69 0.5,69 0.25,70 1.25,69 0.25,0 0.25,69 0.25,67 0.25,65 0.5,67 0.5,67 0.5,67 0.25,70 1.25,69 0.5,0
0.5,67 0.5,65 0.25,64 1,65 0.25,64 0.5,65 0.5,64 0.5,65 0.25,74 2.25,72
0.5,72 0.5,70 0.5,69 0.5,72 0.5,72 0.5,74 0.5,70 0.25,69 1.25,67 0.25,0 0.25,67 0.25,69 0.25,70 0.5,70 0.5,72 0.5,69 0.25,67 0.25,65 0.5,0
0.5,65 0.5,64 0.5,65 0.5,70 0.5,69 0.5,70 0.5,62 1,65 0.5,64 0.5,65 2,65 2,0
0.5,70 0.5,70 0.5,70 0.25,70 0.75,69 0.5,64 0.5,69 0.5,67 0.5,67 0.25,65 0.25,65 0.75,0
0.25,65 0.5,70 0.5,69 0.5,67 0.5,69 0.5,70 0.25,69 0.25,70 0.5,0 0.5,74 0.5,74 0.5,76 0.5,72 0.5,70 0.5,70 0.25,72 2.25,69 1,0
0.5,74 0.5,74 0.5,74 0.25,74 0.75,73 0.25,74 0.25,76 0.75,0 0.25,69 0.5,76 0.25,77 0.75,76 0.5,72 2,65
0.5,70 0.25,69 0.75,67 0.25,65 0.75,70 0.5,69 0.5,70 0.25,72 4.25,72 3.25,0
0.25,72 0.25,72 0.25,76 0.5,77 0.25,77 0.25,77 0.5,72 0.25,72 1.25,72 0.25,0 0.25,72 0.25,72 0.25,77 0.5,79 0.25,79 0.25,79 0.5,72 0.25,72 1.25,73
0.5,79 0.5,81 0.25,79 0.25,77 0.25,77 0.25,77 0.75,0 0.25,76 0.5,76 0.5,77 0.5,76 0.5,72 0.75,74 2.25,79 0.25,0
0.25,67 0.25,67 0.25,69 0.5,70 0.5,69 0.5,70 0.25,74 1.25,72 0.25,0 0.25,70 0.25,69 0.25,70 0.5,72 0.5,72 0.5,79 0.25,76 0.25,77 0.5,0
0.5,77 0.5,76 0.5,72 0.5,70 0.25,69 0.5,70 0.75,72 0.5,74 0.5,81 0.5,79 0.25,77 3.25,79 0.25,0
0.25,72 0.25,72 0.25,76 0.5,77 0.25,77 0.25,77 0.5,72 0.25,72 1.25,72 0.25,0 0.25,72 0.25,72 0.25,77 0.5,79 0.25,79 0.25,79 0.5,72 0.25,72 1.25,73
0.5,79 0.5,81 0.5,79 0.25,77 0.25,77 0.75,0 0.25,77 0.5,76 0.5,77 0.25,76 0.25,72 0.5,72 0.5,74 0.5,81 2,81 0.25,0
0.25,70 0.25,70 0.25,72 0.5,74 0.5,72 0.5,74 0.25,77 1.25,76 0.25,0 0.25,76 0.25,76 0.25,74 0.5,73 0.5,72 0.5,81 0.25,79 0.25,77 0.5,0
0.5,77 0.5,76 0.5,72 0.5,70 0.25,69 0.5,70 0.75,72 0.5,74 0.5,81 0.5,79 0.25,77 1.25,79 0.75,0 0.25,77 1,77 0.5,76 0.5,77 3,77
0.25,65 0.25,65 0.25,67 0.5,69 0.5,69 0.5,69 0.25,70 1.25,69 0.25,0 0.25,69 0.25,67 0.25,65 0.5,67 0.5,67 0.5,67 0.25,70 1.25,69 0.5,0
0.5,67 0.5,65 0.25,64 1,65 0.25,64 0.5,65 0.5,64 0.5,65 0.25,74 2.25,72
0.5,72 0.5,70 0.5,69 0.5,72 0.5,72 0.5,74 0.5,70 0.25,69 1.25,67 0.25,0 0.25,67 0.25,69 0.25,70 0.5,70 0.5,72 0.5,69 0.25,67 0.25,65 0.5,0
0.5,65 0.5,64 0.5,65 0.5,70 0.5,69 0.5,70 0.5,62 1,65 0.5,64 0.5,65 2,65 2,0
0.5,70 0.5,70 0.5,70 0.25,70 0.75,69 0.5,64 0.5,69 0.5,67 0.5,67 0.25,65 0.25,65 0.75,0
0.25,65 0.5,70 0.5,69 0.5,67 0.5,69 0.5,70 0.25,69 0.25,70 0.5,0 0.5,74 0.5,74 0.5,76 0.5,72 0.5,70 0.5,70 0.25,72 2.25,69 1,0
0.5,74 0.5,74 0.5,74 0.25,74 0.75,73 0.25,74 0.25,76 0.75,0 0.25,69 0.5,76 0.25,77 0.75,76 0.5,77 2,65
0.5,70 0.25,69 0.75,67 0.25,65 0.75,70 0.5,69 0.5,70 0.25,72 4.25,72 3.25,0
0.25,72 0.25,72 0.25,76 0.5,77 0.25,77 0.25,77 0.5,72 0.25,72 1.25,72 0.25,0 0.25,72 0.25,72 0.25,77 0.5,79 0.25,79 0.25,79 0.5,72 0.25,72 1.25,73
0.5,79 0.5,81 0.25,79 0.25,77 0.25,77 0.25,77 0.75,0 0.25,76 0.5,76 0.5,77 0.5,76 0.5,72 0.75,74 2.25,79 0.25,0
0.25,67 0.25,67 0.25,69 0.5,70 0.5,69 0.5,70 0.25,74 1.25,72 0.25,0 0.25,70 0.25,69 0.25,70 0.5,72 0.5,72 0.5,79 0.25,76 0.25,77 0.5,0
0.5,77 0.5,76 0.5,72 0.5,70 0.25,69 0.5,70 0.75,72 0.5,74 0.5,81 0.5,79 0.25,77 3.25,79 0.25,0
0.25,72 0.25,72 0.25,76 0.5,77 0.25,77 0.25,77 0.5,72 0.25,72 1.25,72 0.25,0 0.25,72 0.25,72 0.25,77 0.5,79 0.25,79 0.25,79 0.5,72 0.25,72 1.25,73
0.5,79 0.5,81 0.5,79 0.25,77 0.25,77 0.75,0 0.25,77 0.5,76 0.5,77 0.25,76 0.25,72 0.5,72 0.5,74 0.5,81 2,81 0.25,0
0.25,70 0.25,70 0.25,72 0.5,74 0.5,72 0.5,74 0.25,77 1.25,76 0.25,0 0.25,76 0.25,76 0.25,74 0.5,73 0.5,72 0.5,81 0.25,79 0.25,77 0.5,0
0.5,77 0.5,76 0.5,72 0.5,70 0.25,69 0.5,70 0.75,72 0.5,74 0.5,81 0.5,79 0.25,77 1.25,79 0.75,0 0.25,77 1,77 0.5,76 0.5,77 3,77
0.25,72 0.25,72 0.25,76 0.5,77 0.25,77 0.25,77 0.5,72 0.25,72 1.25,72 0.25,0 0.25,72 0.25,72 0.25,77 0.5,79 0.25,79 0.25,79 0.5,72 0.25,72 1.25,73
0.5,79 0.5,81 0.25,79 0.25,77 0.25,77 0.25,77 0.75,0 0.25,76 0.5,76 0.5,77 0.5,76 0.5,72 0.75,74 2.25,79 0.25,0
0.25,67 0.25,67 0.25,69 0.5,70 0.5,69 0.5,70 0.25,74 1.25,72 0.25,0 0.25,70 0.25,69 0.25,70 0.5,72 0.5,72 0.5,79 0.25,76 0.25,77 0.5,0
0.5,77 0.5,76 0.5,72 0.5,70 0.25,69 0.5,70 0.75,72 0.5,74 0.5,81 0.5,79 0.25,77 3.25,79 0.25,0
0.25,72 0.25,72 0.25,76 0.5,77 0.25,77 0.25,77 0.5,72 0.25,72 1.25,72 0.25,0 0.25,72 0.25,72 0.25,77 0.5,79 0.25,79 0.25,79 0.5,72 0.25,72 1.25,73
0.5,79 0.5,81 0.5,79 0.25,77 0.25,77 0.75,0 0.25,77 0.5,76 0.5,77 0.25,76 0.25,72 0.5,72 0.5,74 0.5,81 2,81 0.25,0
0.25,70 0.25,70 0.25,72 0.5,74 0.5,72 0.5,74 0.25,77 1.25,76 0.25,0 0.25,76 0.25,76 0.25,74 0.5,73 0.5,72 0.5,81 0.25,79 0.25,77 0.5,0
0.5,77 0.5,76 0.5,72 0.5,70 0.25,69 0.5,70 0.75,72 0.5,74 0.5,81 0.5,79 0.25,77 1.25,79 0.75,0 0.25,77 1,77 0.5,76 0.5,77 4,77
