0.5,57 1,66 0.5,66 0.5,62 0.5,64 0.5,62 0.75,61 2.25,62 1.5,0
0.5,62 1,67 0.5,67 0.5,66 0.5,67 0.5,66 0.25,67 0.5,69 0.75,64 2,64
0.5,62 0.5,61 0.25,62 1.25,71 0.5,71 0.25,73 0.75,76 0.5,74
0.25,73 0.5,71 0.25,69 0.5,69 0.5,0 0.25,69 0.5,71 0.25,66 0.5,66
0.5,62 0.5,61 0.25,62 1.75,69 0.25,0 0.25,69 0.25,69 0.25,67 0.5,67 0.5,59 0.5,61 3,62 0.5,0
0.5,57 1,66 0.5,66 0.5,62 0.5,64 0.5,62 0.75,61 2.25,62 1.5,0
0.5,62 1,67 0.5,67 0.5,66 0.5,67 0.5,66 0.25,67 0.5,69 0.75,64 2,64
0.5,62 0.5,61 0.25,62 1.25,71
0.5,71 0.25,73 0.75,76 0.5,74 0.25,73 0.5,71 0.25,69 0.5,69 0.5,0 0.25,69 0.5,71 0.25,66 0.5,66
0.5,62 0.5,61 0.5,62 1.5,69 0.25,0 0.25,69 0.25,69 0.25,67 0.5,66 0.5,59 0.5,61 3,62
0.5,71 0.5,73 1,74 0.75,78 0.25,76 1,76
0.5,74 0.5,76 1,69 0.75,76 0.25,74 1,74
0.5,71 0.5,73 1,74 0.75,78 0.25,76 1,76 1,74 3,78
0.5,71 0.5,73 1,74 0.75,78 0.25,76 1,76
0.5,81 0.5,76 0.5,79 0.25,78 0.5,76 0.5,78 0.25,76 1,74
0.5,71 0.5,73 1,74 1,78 1,76 1,74 3,74 0.5,0
0.5,57 1,66 0.5,66 0.25,66 0.25,62 0.5,64 0.25,64 0.25,67 0.5,66 0.5,61 2,62 1.5,0
0.5,62 1,67 0.5,67 0.25,66 0.75,67 0.5,66 0.25,67 0.5,69 0.75,64 2,64
0.5,62 0.5,61 0.25,62 1.25,71
0.5,71 0.25,73 0.75,76 0.5,74 0.25,73 0.5,71 0.25,69 1,69 0.25,69 0.5,71 0.25,66 0.5,66
0.5,62 0.5,61 0.25,62 1.75,69 0.25,0 0.25,69 0.5,69 0.5,67 0.5,78 0.5,78 3,74
1,74 0.75,76 0.25,74 0.5,0 0.25,78 0.25,78 0.25,78 0.25,74 0.25,74 0.25,74 0.25,74 0.25,71
0.25,71 0.25,71 0.25,71 0.5,78 0.25,76 0.5,0
0.25,76 0.25,76 0.5,76 0.25,76 0.25,76 0.5,76 0.25,79 0.75,78 0.25,73 1,74 0.5,0
0.25,71 0.25,71 0.25,73 1,74 0.25,0
0.25,71 0.25,71 0.25,74 0.5,78 0.5,76 0.5,76 0.25,74 0.75,78 0.5,76 0.5,76
0.5,74 0.5,78 0.5,76 0.25,76 0.25,74 0.25,74 1.25,76
0.5,71 0.5,73 1,74 0.75,78 0.25,76 1,76
0.5,74 0.25,76 0.25,69 1,69 0.75,76 0.25,74 1,74
0.5,71 0.5,73 1,74 0.75,78 0.25,76 1,76 1,74 3,78
0.5,71 0.5,73 1,74 0.75,78 0.25,76 1,76
0.5,81 0.5,76 0.5,79 0.25,78 0.5,76 0.5,78 0.25,76 1,74
0.5,71 0.5,73 1,74 1,78 1,76 1,74 3,74 0.5,0
0.5,57 1,66 0.5,66 0.5,62 0.5,64 0.5,62 0.75,61 2.25,62 1.5,0
0.5,62 1,67 0.5,67 0.5,66 0.5,67 0.5,66 0.25,67 0.5,69 0.75,64 2,64
0.5,62 0.5,61 0.25,62 1.25,71 0.5,71 0.25,73 0.75,76 0.5,74
0.25,73 0.5,71 0.25,69 0.5,69 0.5,0 0.25,69 0.5,71 0.25,66 0.5,66
0.5,62 0.5,61 0.5,62 1.5,69 0.25,0 0.25,69 0.25,69 0.25,67 0.5,66 0.5,59 0.5,61 2,62 0.5,0
0.5,62 0.5,61 0.25,62 1.25,71 0.5,71 0.25,73 0.75,76 0.5,74 0.25,73 0.5,71 0.25,69 0.5,69 0.5,0
0.25,73 0.5,76 0.25,74 0.5,74 0.5,62 0.5,61 0.25,62 1.75,69 0.25,0
0.25,69 0.25,69 0.25,67 0.75,66 2.5,59 1,61 4,62
