0.25,61 0.25,70 0.25,68 0.25,0 0.25,61 0.25,70 0.75,68 0.5,0 1,73 0.5,66 0.25,63 1.25,63 2.25,0
0.25,61 0.25,70 0.25,68 0.25,0 0.25,61 0.25,70 0.75,68 0.5,0 0.25,66 0.75,66 3,73 0.75,0
0.25,66 1,73 0.25,0 0.25,73 0.5,75 1.25,68 0.75,0 0.5,68 0.25,66 0.25,68 0.25,0 0.5,70 0.25,66 1,66 1,0
0.5,71 0.25,70 0.5,71 0.75,78 0.75,70 0.75,70 0.25,66 1.75,68 2.75,0
0.25,61 0.25,70 0.25,68 0.25,0 0.25,61 0.25,70 0.75,68 0.5,0 1,73 0.5,66 0.25,63 1.25,63 2.25,0
0.25,61 0.25,70 0.25,68 0.25,0 0.25,61 0.25,70 0.75,68 0.25,0 0.25,73 0.25,73 0.25,71 0.25,70 2.25,70 1.75,0
0.25,66 1.25,73 0.75,75 0.75,68 1.25,0 0.5,68 0.25,66 0.5,68 0.75,70 0.75,66 0.75,0
0.25,68 0.25,70 0.5,71 0.5,70 0.5,68 0.5,66 0.5,63 0.5,66 0.5,66 0.25,68 0.75,68 1.5,66 1,0
0.25,78 0.25,77 0.25,78 0.25,77 0.5,73 0.25,70 0.25,70 0.25,70 0.5,68 0.5,70 0.75,0
0.25,78 0.25,77 0.25,78 0.25,77 0.5,73 0.25,70 0.25,70 0.25,70 0.5,68 0.75,70 1,0
0.25,73 0.25,73 0.5,75 0.25,73 0.75,73 0.25,0 0.25,73 0.5,75 0.5,73 0.25,66 0.5,73 0.25,70 2.5,68 0.5,0
0.25,78 0.25,77 0.25,78 0.25,77 0.5,73 0.25,70 0.25,70 0.25,70 0.5,68 0.75,70 0.5,0
0.25,78 0.25,77 0.25,78 0.25,77 0.5,73 0.25,70 0.25,70 0.25,70 0.5,68 0.75,70 1.25,0
0.25,73 0.5,75 0.25,73 0.75,73 0.25,0 0.25,73 0.5,75 0.5,73 0.5,70 0.25,73 0.5,68 0.25,66 2.5,66 1.25,0
0.25,61 0.25,70 0.25,68 0.25,0 0.25,61 0.25,70 0.75,68 0.5,0 1,73 0.5,66 0.25,63 1.25,63 2.25,0
0.25,61 0.25,70 0.25,68 0.25,0 0.25,61 0.25,70 0.75,68 0.25,0 0.25,73 0.25,73 0.25,71 0.25,70 2.25,70 1.75,0
0.25,66 1.5,73 0.25,75 0.75,68 1.5,0 1,68 0.5,73 0.25,65 0.5,68 0.75,66 0.5,0
0.25,68 0.25,70 0.5,71 0.5,70 0.5,68 0.5,66 0.5,63 0.5,66 0.5,66 0.25,68 0.5,68 0.75,66
0.25,78 0.25,77 0.25,78 0.25,77 0.5,73 0.25,70 0.5,70 0.5,68 0.25,70 0.5,70 0.5,0
0.25,78 0.25,77 0.25,78 0.25,77 0.5,73 0.25,70 0.25,70 0.25,70 0.5,68 0.75,70 1,0
0.25,73 0.25,73 0.5,75 0.25,73 0.75,73 0.25,0 0.25,73 0.5,75 0.5,73 0.25,66 0.5,73 0.25,70 2.5,68 0.5,0
0.25,78 0.25,77 0.25,78 0.25,77 0.5,73 0.25,70 0.25,70 0.25,70 0.5,68 0.75,70 0.5,0
0.25,78 0.25,77 0.25,78 0.25,77 0.5,73 0.25,70 0.25,70 0.25,70 0.5,68 0.75,70 1.25,0
0.25,73 0.5,75 0.25,73 0.75,73 0.25,0 0.25,73 0.5,75 0.5,73 0.5,70 0.25,73 0.5,68 2.25,66 0.5,0
0.25,78 0.25,77 0.25,78 0.25,77 0.5,73 0.25,70 0.25,70 0.25,70 0.5,68 0.75,70 0.5,0
0.25,78 0.25,77 0.25,78 0.25,77 0.5,73 0.25,70 0.25,70 0.25,70 0.5,68 0.75,70 1.25,0
0.25,73 0.5,75 0.25,73 0.75,73 0.25,0 0.25,73 0.75,75 0.75,73 0.75,70 2.5,73 0.75,68 3.5,66
