1,55 0.5,65 2.5,64 0.5,52 0.5,62 0.75,59 2.5,60 0.25,0
0.5,60 0.5,69 0.5,67 0.75,64 0.75,62 0.5,60 2,62 2,0
1,55 0.5,65 1.5,64 0.5,0 0.5,67 0.5,60 0.25,60 0.75,62 1.25,60 0.5,0
0.25,55 0.25,55 1,57 1,65 1,65 0.5,67 0.5,64 2,62 2.25,0
0.5,55 0.75,65 2.25,64 0.5,52 0.5,62 0.75,62 2.25,60 0.5,0
0.5,60 0.5,69 0.5,67 0.75,64 0.75,62 0.5,60 2,62 2,0
1,55 0.75,65 1.75,64 0.5,65 0.5,67 0.5,60 0.5,62 1.5,60 0.5,0
0.25,57 0.25,59 1,60 0.5,64 1.25,57 0.75,62 2,60 2.25,0
0.25,64 0.5,67 0.5,64 0.5,67 0.5,64 0.75,62 0.75,64 0.5,67 0.25,64 0.25,62 3.5,60 0.5,0
0.5,69 0.5,69 0.5,67 0.75,64 0.75,67 0.5,64 3,62 0.75,0
0.25,60 0.5,62 0.5,60 0.5,62 0.5,60 2,57 0.5,69 0.5,67 0.5,62 2,64
0.5,64 2,62 0.5,62 0.5,60 0.5,60 0.5,57 3,62 0.75,0
0.25,64 0.5,67 0.5,64 0.5,67 0.5,64 0.75,62 0.75,64 0.5,67 0.25,64 0.25,62 3.5,60 0.5,0
0.5,69 0.5,69 0.5,67 0.75,67 0.75,64 0.5,60 3,62 0.75,0
0.25,60 0.5,62 0.5,60 0.5,62 0.5,60 1,57 0.75,0 0.5,69 0.5,67 0.5,62 1.5,64 0.5,0
0.25,64 0.5,62 0.5,60 0.5,60 1.5,57 0.375,0 0.25,60 0.25,62 1.5,64 0.5,67 0.25,64 0.25,62 1.5,60 2.125,0
0.75,64 1.25,57 0.25,62 2.75,60
1,55 0.5,65 2,64 0.375,0 0.5,52 0.5,62 0.75,62 2.25,60 0.125,0
0.5,60 0.5,69 0.5,67 0.75,64 0.75,62 0.5,60 2,62 2,0
1,55 0.75,65 1.75,64 0.5,65 0.625,67 0.5,60 0.5,62 1.5,60 0.375,0
0.25,57 0.25,59 1,60 0.5,64 1.25,57 0.75,62 2,60 1.5,0
0.25,64 0.5,67 0.5,64 0.5,67 0.5,64 0.75,62 0.75,64 0.5,67 0.25,64 0.25,62 3.5,60 0.5,0
0.5,69 0.5,69 0.5,67 0.75,64 0.75,67 0.5,64 3,62 0.75,0
0.25,60 0.5,62 0.5,60 0.5,62 0.5,60 2,57 0.5,69 0.5,67 0.5,62 2,64
0.5,64 2,62 0.5,62 0.5,60 0.5,60 0.5,57 3,62 0.75,0
0.25,64 0.5,67 0.5,64 0.5,67 0.5,64 0.75,62 0.75,64 0.5,67 0.25,64 0.25,62 3.5,60 0.5,0
0.5,69 0.5,69 0.5,67 0.75,67 0.75,64 0.5,60 3,62 0.75,0
0.25,60 0.5,62 0.5,60 0.5,62 0.5,60 1,57 1,0 0.5,69 0.5,67 0.5,62 1.5,64 0.5,0
0.25,64 0.5,62 0.5,60 0.5,60 1.25,57 0.375,0 0.25,60 0.25,62 1.5,64 0.5,67 0.25,64 0.25,62 1.5,60 2.375,0
0.75,64 2.25,57 0.25,62 2.75,60
