0.25,64 0.5,73 0.5,71 0.5,69 0.25,68 0.5,76 0.75,68 1,0 0.5,69 0.5,68 0.5,66 0.25,68 1.25,68
0.5,66 0.25,68 1.25,69 0.5,66 0.25,68 1.25,69 0.5,66 0.25,68 0.75,69 0.25,71 2.25,71
0.5,69 0.5,71 0.5,73 0.25,74 0.5,73 1.75,69 0.5,69 0.25,71 0.75,73 0.25,74 1.75,71
0.25,69 0.25,71 0.5,73 0.25,76 1.25,76 0.75,74 0.75,73 0.25,69 4.25,69 0.75,0
0.25,64 0.5,73 0.5,71 0.5,69 0.25,68 0.5,76 0.75,68 1,0 0.5,69 0.5,68 0.5,66 0.25,68 1.25,68
0.5,66 0.25,68 1.25,69 0.5,66 0.25,68 1.25,69 0.5,66 0.25,68 0.5,69 0.5,66 0.5,73 1.25,71
0.25,69 0.25,71 0.5,73 0.5,69 0.5,71 0.25,73 0.5,71 1.25,69 0.25,69 0.25,71 0.5,73 0.5,74 0.5,76 0.25,74 0.5,73 1.25,71
0.25,69 0.25,71 0.5,73 0.25,74 1,76 0.25,64 0.5,74 0.5,73 0.5,69 0.25,64 0.25,71 2,69 0.5,0
0.5,76 0.5,69 0.5,76 0.25,76 0.5,78 1.25,69 0.5,0 0.5,76 0.5,68 0.5,76 0.25,76 0.5,78 1.25,68 0.5,0
0.5,76 0.5,74 0.25,74 0.5,73 0.75,74 0.5,74 0.25,66 0.5,73 0.75,71 0.25,64 0.25,69 0.25,71 0.25,69 0.5,73 0.25,73 0.5,73 0.5,74 0.25,73 0.5,0
0.5,76 0.5,69 0.5,76 0.25,76 0.5,78 1.25,69 0.5,0
0.5,76 0.5,68 0.5,76 0.5,76 0.25,78 0.75,80 0.25,81 0.5,81 1.25,73
0.25,71 0.25,73 0.5,76 0.25,74 1.25,66 0.5,73 0.5,71 0.5,69 0.25,68 4.25,69
0.25,64 0.5,73 0.5,71 0.5,69 0.25,68 0.5,76 0.75,68 1,0
0.5,69 0.5,68 0.375,66 0.375,68 1.25,68
0.5,66 0.25,68 1.25,69 0.5,66 0.25,68 1.25,69
0.5,66 0.25,68 0.5,69 0.5,66 0.5,73 1.25,71
0.25,69 0.25,71 0.5,73 0.5,64 0.5,71 0.25,73 0.5,71 1.25,69
0.25,69 0.25,71 0.5,73 0.5,74 0.5,76 0.25,74 0.5,73 1.25,71
0.25,69 0.25,71 0.5,73 0.25,74 1,76 0.25,64 0.5,74 0.5,73 0.5,69 0.25,64 0.25,71 2,69 0.5,0
0.5,76 0.5,69 0.5,76 0.25,76 0.5,78 1.25,69 0.5,0
0.5,76 0.5,68 0.5,76 0.25,76 0.5,78 1.25,68 0.5,0
0.5,76 0.5,74 0.25,74 0.5,73 0.75,74 0.5,74 0.25,66 0.5,73 0.75,71
0.25,64 0.25,69 0.25,71 0.25,69 0.5,73 0.25,73 0.5,73 0.5,74 0.25,73 0.5,0
0.5,76 0.5,69 0.5,76 0.25,76 0.5,78 1.25,69 0.5,0
0.5,76 0.5,68 0.5,76 0.5,76 0.25,78 0.75,80 0.25,81 0.5,81 0.75,73 0.5,0
0.25,71 0.25,73 0.5,76 0.25,74 1.25,66 0.5,73 0.5,71 0.5,69 0.25,68 4.25,69
0.5,76 0.5,69 0.5,76 0.375,76 0.375,78 1.25,69 0.5,0
0.5,76 0.5,68 0.5,76 0.25,76 0.5,78 1.25,68 0.5,0
0.5,76 0.5,74 0.25,74 0.5,73 0.75,74 0.5,74 0.25,66 0.5,73 0.75,71
0.25,64 0.25,69 0.25,71 0.25,69 0.5,73 0.25,73 0.5,73 0.5,74 0.25,73 0.5,0
0.5,76 0.5,69 0.5,76 0.25,76 0.5,78 1.25,78 0.5,0
0.5,76 0.5,68 0.5,76 0.5,76 0.25,78 0.75,80 0.25,81 0.5,81 0.75,73 0.5,0
0.25,71 0.25,73 0.5,76 0.25,74 1.25,66 0.5,73 0.5,71 0.5,69 0.25,68 4.25,69
