0.5,55 0.5,64 0.5,62 0.5,62 0.5,64 0.5,62 1,62 0.5,55 0.5,64 0.5,62 0.5,62 0.5,64 0.5,62 0.5,62 1,60 1,0
0.5,60 0.5,62 0.5,64 0.5,60 0.5,60 0.5,62 0.5,64 0.5,60 0.5,65 1.5,64
0.5,55 0.5,64 0.5,62 0.5,62 0.5,64 0.5,62 1,62 0.5,55 0.5,64 0.5,62 0.5,62 0.5,64 0.5,60 1.5,60 1,0
0.5,60 0.5,62 0.5,64 0.5,60 0.5,60 0.5,62 0.5,64 0.5,60 0.5,62 0.5,60 0.5,0
0.5,60 0.5,60 0.5,60 0.5,55 0.5,60 0.5,59 0.5,55 0.5,0 0.5,60 0.5,60 0.5,59 0.5,55 0.5,60 0.5,59 0.5,55 0.5,0
0.5,60 0.5,59 0.5,60 0.5,55 0.5,60 0.5,59 0.5,60 0.5,62 0.5,62 0.5,62 0.5,62 0.5,62 0.5,60 0.5,64 0.5,62 0.5,0
0.5,65 0.5,65 0.5,64 0.5,65 0.5,67 0.5,64 0.5,62 0.5,0 0.5,64 0.5,64 0.5,62 0.5,64 0.5,62 0.25,60 0.25,57 0.5,60 0.5,0
0.5,65 0.5,65 0.5,64 0.5,65 0.25,62 0.25,64 0.25,62 0.25,60 0.5,60 0.5,62 0.5,62 0.5,62 0.5,62 0.5,62 0.25,60 0.5,69 0.75,67
0.5,67 0.25,65 0.5,65 0.5,64 0.5,64 0.5,62 0.5,65 0.75,64
0.5,67 0.25,65 0.5,65 0.5,64 0.5,64 0.5,62 0.5,62 0.75,60
0.5,65 0.25,65 0.5,65 0.5,67 0.5,67 0.25,65 0.25,64 1.25,65 0.5,68 0.25,68 0.5,68 0.5,70 0.5,70 0.5,68 0.5,68 0.75,67
0.5,67 0.25,65 0.5,65 0.5,64 0.5,64 0.5,62 0.5,65 0.75,64
0.5,67 0.25,65 0.5,65 0.5,64 0.5,64 0.5,62 0.5,62 0.75,60
0.5,65 0.25,65 0.5,65 0.5,67 0.5,67 0.25,65 0.25,64 1,65
0.25,64 0.5,65 0.25,64 0.5,65 0.75,67 0.25,65 0.25,64 0.5,60 0.5,62 0.5,62 2,60
0.5,55 0.5,64 0.5,62 0.5,62 0.5,64 0.5,62 1,62 0.5,55 0.5,64 0.5,62 0.5,62 0.5,64 0.5,62 0.5,62 1,60 1,0
0.5,60 0.5,62 0.5,64 0.5,60 0.5,60 0.5,62 0.5,64 0.5,60 0.5,65 1.5,64 0.5,0
0.5,55 0.5,64 0.5,62 0.5,62 0.5,64 0.5,62 1,62 0.5,55 0.5,64 0.5,62 0.5,62 0.5,64 0.5,60 1.5,60 1,0
0.5,60 0.5,62 0.5,64 0.5,60 0.5,60 0.5,62 0.5,64 0.5,60 0.5,62 0.5,60 0.5,0
0.5,60 0.5,60 0.5,60 0.5,55 0.5,60 0.5,59 0.5,55 0.5,0 0.5,60 0.5,60 0.5,59 0.5,55 0.5,60 0.5,59 0.5,55 0.5,0
0.5,60 0.5,59 0.5,60 0.5,55 0.5,60 0.5,59 0.5,60 0.5,62 0.5,62 0.5,62 0.5,62 0.5,62 0.5,60 0.5,64 0.5,62 0.5,0
0.5,65 0.5,65 0.5,64 0.5,65 0.5,67 0.5,64 0.5,62 0.5,0 0.5,64 0.5,64 0.5,62 0.5,64 0.5,62 0.25,60 0.25,57 0.5,60 0.5,0
0.5,65 0.5,65 0.5,64 0.5,65 0.25,62 0.25,64 0.25,62 0.25,60 0.5,60 0.5,62 0.5,62 0.5,62 0.5,62 0.5,62 0.25,60 0.5,69 0.75,67
0.5,67 0.25,65 0.5,65 0.5,64 0.5,64 0.5,62 0.5,65 0.75,64
0.5,67 0.25,65 0.5,65 0.5,64 0.5,64 0.5,62 0.5,62 0.75,60
0.5,65 0.25,65 0.5,65 0.5,67 0.5,67 0.25,65 0.25,64 1.25,65 0.5,68 0.25,68 0.5,68 0.5,70 0.5,70 0.5,68 0.5,68 0.75,67
0.5,67 0.25,65 0.5,65 0.5,64 0.5,64 0.5,62 0.5,65 0.75,64
0.5,67 0.25,65 0.5,65 0.5,64 0.5,64 0.5,62 0.5,62 0.75,60
0.5,65 0.25,65 0.5,65 0.5,67 0.5,67 0.25,65 0.25,64 1,65
0.25,64 0.5,65 0.25,64 0.5,65 0.75,67 0.25,65 0.25,64 0.5,60 0.5,62 0.5,62 2,60 2,0
0.5,67 0.25,65 0.5,65 0.5,64 0.5,64 0.5,62 0.5,65 0.75,64 0.5,67 0.25,65 0.5,65 0.5,64 0.5,64 0.5,62 0.5,62 0.75,60
0.5,66 0.25,66 0.5,66 0.5,68 0.5,68 0.25,66 0.25,65 1.25,66 0.5,69 0.25,69 0.5,69 0.5,71 0.5,71 0.5,69 0.5,69 0.75,68
0.5,68 0.25,66 0.5,66 0.5,65 0.5,65 0.5,63 0.5,66 0.75,65
0.5,68 0.25,66 0.5,66 0.5,65 0.5,65 0.5,63 0.5,63 0.75,61
0.5,66 0.25,66 0.5,66 0.5,68 0.5,68 0.25,66 0.25,65 1,66
0.25,65 0.5,66 0.25,65 0.5,66 0.75,68 0.25,66 0.25,65 0.5,61 0.5,63 5,61
