1,58 0.5,61 0.5,61 0.5,58 1,63 1,63 1,63 0.5,61 1,65 1,63
1,58 0.5,61 0.5,61 0.5,58 1,61 1,61 0.5,61 1,61 1.5,58 0.5,0
1,58 0.5,61 0.5,61 0.5,58 1,63 1,63 1,63 0.5,61 1,65 1,63
0.5,58 0.5,58 0.5,61 0.5,61 0.5,58 2,61 3.5,0
1,58 0.5,61 0.5,61 0.5,58 1,63 1,63 1,63 0.5,61 1,65 1,63
1,58 0.5,61 0.5,61 0.5,58 1,61 1,61 0.5,61 1,61 1.5,58 0.5,0
1,58 0.5,61 0.5,61 0.5,58 1,63 1,63 1,63 0.5,61 1,65 1,63
0.5,58 0.5,58 0.5,61 0.5,61 0.5,58 2,61 3.5,0
1,65 0.5,68 0.5,68 0.5,65 1,70 1,70 1,70 0.5,70 0.5,70 0.5,68 1,68
1,68 0.5,68 0.5,68 0.5,65 1,68 1,68 1,68 0.5,68 1.5,65 0.5,0
1,65 0.5,68 0.5,68 0.5,65 1,70 1,70 1,70 0.5,70 0.5,70 0.5,68 1,68
1,68 0.5,68 0.5,68 0.5,65 1,68 1,68 1,68 0.5,68 1.5,70 0.5,0
1,65 0.5,63 0.5,63 0.5,61 1.5,63 1,65 0.5,63 0.5,63 0.5,61 1.5,63
1,65 0.5,63 0.5,63 0.5,61 2,61 3.5,0
1,65 0.5,63 0.5,63 0.5,61 1.5,63 1,65 0.5,63 0.5,63 0.5,61 1.5,63
1,65 0.5,63 0.5,63 0.5,61 2,61 3.5,0
1,58 0.5,61 0.5,61 0.5,58 1,63 1,63 1,63 0.5,61 1,65 1,63
1,58 0.5,61 0.5,61 0.5,58 1,61 1,61 0.5,61 1,61 1.5,58 0.5,0
1,58 0.5,61 0.5,61 0.5,58 1,63 1,63 1,63 0.5,61 1,65 1,63
0.5,58 0.5,58 0.5,61 0.5,61 0.5,58 2,61 3.5,0
1,65 0.5,68 0.5,68 0.5,65 1,70 1,70 1,70 0.5,70 0.5,70 0.5,68 1,68
1,68 0.5,68 0.5,68 0.5,65 1,68 1,68 1,68 0.5,68 1.5,65 0.5,0
1,65 0.5,68 0.5,68 0.5,65 1,70 1,70 1,70 0.5,70 0.5,70 0.5,68 1,68
1,68 0.5,68 0.5,68 0.5,65 1,68 1,68 1,68 0.5,68 1.5,70 0.5,0
1,65 0.5,63 0.5,63 0.5,61 1.5,63 1,65 0.5,63 0.5,63 0.5,61 1.5,63
1,65 0.5,63 0.5,63 0.5,61 2,61 3.5,0
1,65 0.5,65 0.5,65 0.5,66 0.5,65 1,63 1,65 0.5,63 0.5,63 0.5,61 1.5,63
1,65 0.5,63 0.5,63 0.5,61 2,61 3.5,0
1,58 0.5,61 0.5,61 0.5,58 1,63 1,63 1,63 0.5,61 1,65 1,63
1,58 0.5,61 0.5,61 0.5,58 1,61 1,61 0.5,61 1,61 1.5,58 0.5,0
1,58 0.5,61 0.5,61 0.5,58 1,63 1,63 1,63 0.5,61 1,65 1,63
0.5,58 0.5,58 0.5,61 0.5,61 0.5,58 2,61 3.5,0
1,65 0.5,68 0.5,68 0.5,65 1,70 1,70 1,70 0.5,70 0.5,70 0.5,68 1,68
1,68 0.5,68 0.5,68 0.5,65 1,68 1,68 1,68 0.5,68 1.5,65 0.5,0
1,65 0.5,68 0.5,68 0.5,65 1,70 1,70 1,70 0.5,70 0.5,70 0.5,68 1,68
1,68 0.5,68 0.5,68 0.5,65 1,68 1,68 1,68 0.5,68 1.5,70 0.5,0
1,65 0.5,63 0.5,63 0.5,61 1.5,63 1,65 0.5,63 0.5,63 0.5,61 1.5,63
1,65 0.5,63 0.5,63 0.5,61 2,61 3.5,0
1,65 0.5,65 0.5,65 0.5,66 0.5,65 1,63 1,65 0.5,63 0.5,63 0.5,61 1.5,63
1,65 0.5,63 0.5,63 0.5,61 2,61 3.5,0
1,65 0.5,68 0.5,68 0.5,65 1,70 1,70 1,70 0.5,70 0.5,70 0.5,68 1,68
1,68 0.5,68 0.5,68 0.5,65 1,68 1,68 1,68 0.5,68 1.5,65 0.5,0
1,65 0.5,68 0.5,68 0.5,65 1,70 1,70 1,70 0.5,70 0.5,70 0.5,68 1,68
1,68 0.5,68 0.5,68 0.5,65 1,68 1,68 1,68 0.5,68 1.5,70 0.5,0
1,65 0.5,63 0.5,63 0.5,61 1.5,63 1,65 0.5,63 0.5,63 0.5,61 1.5,63
1,65 0.5,63 0.5,63 0.5,61 2,61 3.5,0
1,65 0.5,65 0.5,65 0.5,66 0.5,65 1,63 1,65 0.5,63 0.5,63 0.5,61 1.5,63
1,65 0.5,63 0.5,63 0.5,61 2,61 3.5,0
