0.25,60 0.5,65 0.25,62 0.25,60 0.5,65 0.25,62
0.25,60 0.5,65 0.25,62 0.25,60 0.5,65 0.25,62 1,60 0.5,0 0.25,62 0.5,62 0.75,60 1,0
0.25,60 0.5,65 0.25,62 0.25,60 0.5,65 0.25,62 0.25,60 0.5,65 0.25,62
0.25,60 0.5,65 0.25,62 1,60 0.5,0 0.25,62 0.5,62 0.5,60
0.25,57 0.25,57 0.5,57 0.25,55 0.5,57 2.5,60 0.25,62 0.25,62 0.25,62 0.25,60 0.25,69 0.25,62 0.5,62 0.5,65 1.5,62 0.5,0
0.25,60 0.25,60 0.25,69 0.25,62 0.5,62 0.25,65 0.25,65 0.25,65 0.25,62 0.5,60 0.5,65 0.5,0 0.5,67 3,65 0.25,0
0.25,60 0.25,60 0.25,62 1,65 0.25,0 0.5,65 0.25,62 0.25,65 0.5,65 0.25,62 0.25,65 0.25,62 0.25,65 0.25,62
0.25,60 0.5,65 0.25,62 0.25,65 0.5,65 0.25,67 0.75,65
0.25,60 0.25,60 0.25,62 0.25,65 0.25,62 1,65
0.25,65 0.25,65 0.25,65 0.25,62 0.75,60 0.75,65 0.5,67 3,65 0.75,0
0.25,60 0.25,62 0.5,65 0.25,65 0.5,65 0.25,60 0.5,67 0.5,67 0.25,60 0.25,69 0.75,67
0.25,64 0.25,62 0.25,64 0.5,64 0.25,62 0.25,64 0.25,60 0.25,67 0.25,65 0.25,62 0.5,67 0.5,65
0.25,60 0.25,65 0.5,65 0.25,62 0.5,65 0.25,60 0.5,67 0.5,60 0.25,67 0.5,0
0.25,60 0.25,60 0.25,69 0.25,67 0.25,69 0.25,69 0.5,69 0.25,69 0.5,70 0.75,69 0.75,0
0.25,60 0.25,65 0.25,62 0.25,65 0.25,62 0.5,65 0.25,60 0.25,60 0.5,67 0.25,60 0.5,67 0.75,67
0.25,64 0.25,62 0.25,64 0.25,62 0.25,64 0.5,64 0.25,60 0.5,67 0.25,65 0.5,64 0.25,65
0.25,60 0.25,58 0.5,58 0.25,65 0.5,65 0.75,65 0.75,0 0.25,60 0.5,67 0.25,65 0.25,64 3,65 1,0
0.25,60 0.5,65 0.25,62 0.25,60 0.5,65 0.25,62 0.25,60 0.5,65 0.25,62
0.25,60 0.5,65 0.25,62 0.5,60 0.5,60 0.5,0 0.25,62 0.5,62 0.75,60 1,0
0.25,60 0.5,65 0.25,62 0.25,60 0.5,65 0.25,62 0.25,60 0.5,65 0.25,62
0.25,60 0.5,65 0.25,62 1,60 0.5,0 0.25,62 0.5,62 0.75,60
0.25,57 0.25,57 0.25,57 0.25,55 0.5,57 1,60 1.5,60
0.25,62 0.25,62 0.25,62 0.25,60 0.5,69 0.25,62 0.25,62 0.5,65 1.5,62 0.25,0
0.25,60 0.25,60 0.25,62 0.25,69 0.25,62 0.5,62 0.5,65 0.25,62 0.25,62 0.5,60 0.5,65 0.5,65 0.5,67 3,65 0.5,0
0.25,60 0.25,62 0.5,65 0.25,65 0.25,62 0.5,65 0.25,65 0.25,62 0.5,65
0.25,65 0.25,62 0.25,65 0.25,62 0.25,65 0.25,62
0.25,60 0.5,65 0.25,62 0.25,65 0.5,65 0.25,67 0.75,65
0.25,60 0.25,60 0.25,62 0.25,65 0.25,62 1,65 0.25,65 0.5,65 0.25,62 0.75,60 0.75,65 0.5,67 3,65 0.75,0
0.25,60 0.25,62 0.5,65 0.25,65 0.5,65 0.25,60 0.5,67 0.5,67 0.25,60 0.25,69 0.75,67
0.25,64 0.25,62 0.25,64 0.5,64 0.25,62 0.25,64 0.25,60 0.25,67 0.25,65 0.25,62 0.5,67 0.5,65
0.25,60 0.25,65 0.5,65 0.25,62 0.5,65 0.25,60 0.5,67 0.5,60 0.25,67 0.5,0
0.25,60 0.25,60 0.25,69 0.25,67 0.25,69 0.25,69 0.5,69 0.25,69 0.5,70 0.75,69 0.25,67 0.5,65
0.25,60 0.25,65 0.25,62 0.25,65 0.25,62 0.5,65 0.25,60 0.25,60 0.5,67 0.25,60 0.5,67 0.5,67
0.25,62 0.25,64 0.25,62 0.25,64 0.5,64 0.5,64 0.25,60 0.5,67 0.25,65 0.5,64 0.25,65
0.25,60 0.25,58 0.5,58 0.25,65 0.5,65 0.5,65 0.25,65 0.75,0 0.25,60 0.5,67 0.25,65 0.25,64 0.25,65 2.75,65 0.75,0
0.25,70 0.25,70 0.5,70 0.25,70 0.25,70 0.25,70 0.25,70 0.25,65 0.5,69 0.25,70 0.5,69 0.25,67
0.25,60 0.25,60 0.25,69 0.25,69 0.25,69 0.25,69 0.25,69 0.25,69 0.25,69 0.25,72 0.25,72 0.5,69 0.25,65 0.75,0
0.25,70 0.25,70 0.5,70 0.25,70 0.25,70 0.25,70 0.25,70 0.25,70 0.25,69 0.5,69 0.25,67 0.5,0
0.25,60 0.25,60 0.25,69 0.25,69 0.25,69 0.25,69 0.25,69 0.25,69 0.25,69 0.25,72 0.25,72 0.5,69 0.25,65 0.75,0
0.25,69 0.25,70 0.25,70 0.25,70 0.25,70 0.25,70 0.25,70 0.25,70 0.25,70 0.25,70 0.5,70 0.25,70 0.25,69 0.5,67
0.25,60 0.25,69 0.25,69 0.25,69 0.25,69 0.25,69 0.25,69 0.25,69 0.25,72 0.25,72 0.5,69 0.25,65 0.5,0
0.25,62 0.25,60 0.25,70 0.25,70 0.25,70 0.25,70 0.25,70 0.25,70 0.25,70 0.25,70 0.25,72 0.5,70 0.25,70 0.25,69 0.25,62
0.25,60 0.25,60 0.25,69 0.25,69 0.25,69 2.25,69 4.5,0 0.5,65 0.5,62 1,67 1.5,67 2,65
