0.25,79 0.25,77 0.25,79 0.5,72 0.25,70 0.25,70 0.25,70 0.75,82 0.25,77 0.5,77 0.25,77 0.25,0
0.25,79 0.25,77 0.25,79 0.25,70 0.25,70 0.25,70 0.25,67 0.25,70 0.75,82 0.25,79 0.5,79 0.25,79 0.25,0
0.25,72 0.25,75 0.25,75 0.25,72 0.5,75 0.25,72 0.5,77 0.75,79 0.5,0
0.25,72 0.25,75 0.25,72 0.25,75 0.25,75 0.25,72 0.75,75 0.5,77 0.5,77 1,75 0.25,0
0.25,72 0.25,75 0.25,75 0.25,72 0.5,75 0.25,75 0.25,72 0.25,75 0.5,72 1,79
0.25,70 0.5,74 0.5,74 0.5,77 0.25,72 2.25,70
0.25,72 0.25,75 0.25,75 0.25,72 0.5,75 0.25,72 0.5,77 0.75,79 0.5,0
0.25,72 0.25,75 0.25,72 0.25,75 0.25,75 0.25,72 0.5,75 0.25,72 0.5,77 0.75,75 0.375,0
0.25,72 0.25,75 0.25,72 0.25,75 0.25,75 0.25,72 0.5,75 0.25,72 0.5,77 0.75,79
0.25,72 0.75,82 0.5,82 0.5,75 0.5,79 0.25,79 1.25,77 0.25,0
0.25,79 0.25,77 0.25,79 0.5,72 0.25,70 0.25,70 0.25,70 0.75,82 0.25,77 0.5,77 0.25,77 0.25,0
0.25,79 0.25,77 0.25,79 0.25,70 0.25,70 0.25,70 0.25,67 0.25,70 0.75,82 0.25,79 0.5,79 0.25,79 0.25,0
0.25,79 0.25,82 0.25,79 0.25,75 0.25,72 0.25,75 0.25,75 0.25,0
0.25,79 0.25,82 0.25,79 0.25,75 0.25,72 0.25,75 0.25,77 0.25,0
0.25,75 0.25,77 0.25,75 0.25,80 0.25,79 0.25,79 0.25,77
0.25,77 0.25,75 0.25,77 0.25,75 0.5,79 0.25,79 0.5,77 0.5,79
0.25,79 0.25,72 0.25,70 0.25,70 0.25,70 0.25,70 0.75,82 0.25,77 0.5,77 0.25,77 0.25,0
0.25,79 0.25,77 0.25,79 0.25,70 0.25,70 0.25,70 0.25,67 0.25,70 0.75,82 0.25,79 0.5,79 0.25,79 0.25,0
0.25,79 0.25,82 0.25,79 0.25,75 0.25,72 0.25,75 0.25,75 0.25,0
0.25,79 0.25,82 0.25,79 0.25,75 0.25,72 0.25,75 0.25,75
0.25,72 0.75,82 0.5,77 0.5,77 3,75
0.25,72 0.25,75 0.25,75 0.25,72 0.5,75 0.25,72 0.5,77 0.75,79 0.5,0
0.25,72 0.25,75 0.25,72 0.25,75 0.25,75 0.25,72 0.5,75 0.25,72 0.5,77 0.75,75 0.5,0
0.25,72 0.25,75 0.25,72 0.25,75 0.25,75 0.25,72 0.5,75 0.25,72 0.5,77 0.75,79 0.25,0
0.25,72 0.25,82 0.25,75 0.25,75 1,77 0.25,75 0.5,79 0.25,79 1,77
0.25,79 0.25,77 0.25,79 0.5,72 0.25,70 0.25,70 0.25,70 0.75,82 0.25,77 0.5,77 0.25,77 0.25,0
0.25,79 0.25,77 0.25,79 0.25,70 0.25,70 0.25,70 0.25,67 0.25,70 0.75,82 0.25,79 0.5,79 0.25,79 0.25,0
0.25,79 0.25,82 0.25,79 0.25,75 0.25,72 0.25,75 0.25,75 0.25,0
0.25,79 0.25,82 0.25,79 0.25,75 0.25,72 0.25,75 0.25,77 0.25,0
0.25,75 0.25,77 0.25,75 0.25,80 0.25,79 0.25,79 0.25,77
0.25,77 0.25,75 0.25,77 0.25,75 0.5,79 0.25,79 0.5,77 0.5,79
0.25,79 0.25,72 0.25,70 0.25,70 0.25,70 0.25,70 0.75,82 0.25,77 0.5,77 0.25,77 0.25,0
0.25,79 0.25,77 0.25,79 0.25,70 0.25,70 0.25,70 0.25,67 0.25,70 0.75,82 0.25,79 0.5,79 0.25,79 0.25,0
0.25,79 0.25,82 0.25,79 0.25,75 0.25,72 0.25,75 0.25,75 0.25,0
0.25,79 0.25,82 0.25,79 0.25,75 0.25,72 0.25,75 0.25,75
0.25,72 0.75,82 0.75,77 0.75,79 0.25,77 2,79
0.25,79 0.25,77 0.25,79 0.5,72 0.25,70 0.25,70 0.25,70 0.75,82 0.25,77 0.5,77 0.25,77 0.25,0
0.25,79 0.25,77 0.25,79 0.25,70 0.25,70 0.25,70 0.25,67 0.25,70 0.75,82 0.25,79 0.5,79 0.25,79 0.25,0
0.25,79 0.25,82 0.25,79 0.25,75 0.25,72 0.25,75 0.25,75 0.25,0
0.25,79 0.25,82 0.25,79 0.25,75 0.25,72 0.25,75 0.25,77 0.25,0
0.25,75 0.25,77 0.25,75 0.25,80 0.25,79 0.25,79 0.25,77
0.25,77 0.25,75 0.25,77 0.25,75 0.5,79 0.25,79 0.5,77 0.25,79
0.125,79 0.25,77 0.25,79 0.5,72 0.25,70 0.25,70 0.25,70 0.75,82 0.25,77 0.5,77 0.25,77 0.25,0
0.25,79 0.25,77 0.25,79 0.25,70 0.25,70 0.25,70 0.25,67 0.25,70 0.75,82 0.25,79 0.5,79 0.25,79 0.25,0
0.25,79 0.25,82 0.25,79 0.25,75 0.25,72 0.25,75 0.25,75 0.25,0
0.25,79 0.25,82 0.25,79 0.25,75 0.25,72 0.25,75 0.25,77 0.25,0
0.25,75 0.25,77 0.25,75 0.25,80 0.25,79 0.25,79 0.25,77
0.25,77 0.25,75 0.25,77 0.25,75 0.5,79 0.25,79 0.5,77 0.5,79
0.25,79 0.25,72 0.25,70 0.25,70 0.25,70 0.25,70 0.75,82 0.25,77 0.5,77 0.25,77 0.25,0
0.25,79 0.25,77 0.25,79 0.25,70 0.25,70 0.25,70 0.25,67 0.25,70 0.75,82 0.25,79 0.5,79 0.25,79 0.25,0
0.25,79 0.25,77 0.25,79 0.5,72 0.25,70 0.25,70 0.25,70 0.75,82 0.25,77 0.5,77 0.25,77 0.25,0
0.25,79 0.25,77 0.25,79 0.25,70 0.25,70 0.25,70 0.25,67 0.25,70 0.75,82 0.25,79 0.5,79 0.25,79 0.25,0
0.25,79 0.25,82 0.25,79 0.25,75 0.25,72 0.25,75 0.25,75 0.25,0
0.25,79 0.25,82 0.25,79 0.25,75 0.25,72 0.25,75 0.25,77 0.25,0
0.25,74 0.25,75 0.25,74 0.25,80 0.25,79 0.25,79 0.25,77
0.25,77 0.25,75 0.25,77 0.25,75 0.5,79 0.25,79 0.5,77 0.5,79
