1,63 0.75,65 0.25,63 1.5,67 0.5,70 1,70 0.5,63 1,67 1,67 1.5,65
0.5,62 0.5,63 1.5,65
0.5,70 1,70 0.5,58 1,65 1,67 1,63 0.5,60 0.5,62 2.5,63 0.5,0
0.5,60 0.25,65 0.25,67 1,65 0.5,62 0.5,62 0.5,62 0.75,62 0.75,62 1,58 3.5,60 3,0
0.5,65 0.5,67 0.5,70 0.5,67 0.5,67 0.25,65 0.25,67 1,60 0.5,67 3.5,65
0.5,65 0.5,67 0.5,70 0.5,67 0.5,67 0.5,65 1,58 0.5,65 3.5,63
0.5,65 0.5,67 0.5,70 0.5,67 0.5,67 0.5,65 1,60 0.5,67 2.5,65
0.5,65 0.5,63 0.5,65 1.5,67 0.5,0 0.5,58 0.5,67 0.5,65 0.5,65 1,68 2.5,67
0.5,65 0.5,67 0.5,70 0.5,67 0.5,67 0.25,65 0.25,67 1,60 0.5,67 3.5,65
0.5,65 0.5,67 0.5,70 0.5,67 0.5,67 0.5,65 1,58 0.5,65 3.5,67
0.5,65 0.5,67 0.5,70 0.5,67 0.5,67 0.5,65 1,60 0.5,67 1.5,65 0.5,0
0.5,58 0.5,65 0.5,63 0.25,62 0.5,63 4,60
0.5,63 0.5,65 1.5,67 0.5,70 1,70 0.5,63 1,67 1,68 1.5,65
0.5,62 0.5,63 1.5,65
0.5,70 1,70 0.5,62 1,65 1,67 1,63 0.5,60 0.5,62 2.5,63 0.5,0
0.5,60 0.25,65 0.25,67 1,65 0.5,62 0.5,62 0.5,62 0.75,62 0.75,62 1,58 3.5,60 3,0
0.5,65 0.5,67 0.5,70 0.5,67 0.5,67 0.25,65 0.25,67 1,60 0.5,67 3.5,65
0.5,65 0.5,67 0.5,70 0.5,67 0.5,67 0.5,65 1,58 0.5,65 3.5,63
0.5,65 0.5,67 0.5,70 0.5,67 0.5,67 0.5,65 1,60 0.5,67 2.5,65
0.5,65 0.5,63 0.5,65 1.5,67 0.5,0 0.5,58 0.5,67 0.5,65 0.5,65 1,68 2.5,67
0.5,65 0.5,67 0.5,70 0.5,67 0.5,67 0.25,65 0.25,67 1,60 0.5,67 3.5,65
0.5,65 0.5,67 0.5,70 0.5,67 0.5,67 0.5,65 1,58 0.5,65 3.5,67
0.5,65 0.5,67 0.5,70 0.5,67 0.5,67 0.5,65 1,60 0.5,67 1.5,65 0.5,0
0.5,58 0.5,65 0.5,63 0.25,62 0.5,63 4,60 4.5,0
1.5,67 0.5,65 1.5,67 0.5,65 0.5,67 0.5,65 0.5,67 0.5,70 1,65
0.5,63 0.5,62 1.5,65 0.5,63 1,65 0.25,65 0.25,67 1,60 3.5,63
1.5,67 0.5,65 1.5,67 0.5,65 0.5,67 0.5,65 0.5,67 0.5,70 1,65
0.5,63 0.5,62 1.5,65 0.5,63 1,65 0.25,65 0.25,67 1,60 0.25,65 2.25,67
0.5,65 0.5,67 0.5,70 0.5,67 0.5,67 0.25,65 0.25,67 1,60 0.5,67 3.5,65
0.5,65 0.5,67 0.5,70 0.5,67 0.5,67 0.5,65 1,58 0.5,65 3.5,63
0.5,65 0.5,67 0.5,70 0.5,67 0.5,67 0.5,65 1,60 0.5,67 2.5,65
0.5,65 0.5,63 0.5,65 1.5,67 0.5,0 0.5,58 0.5,67 0.5,65 0.5,65 1,68 2.5,67
0.5,65 0.5,67 0.5,70 0.5,67 0.5,67 0.25,65 0.25,67 1,60 0.5,67 3.5,65
0.5,74 0.5,74 0.5,74 0.5,74 0.5,74 0.5,74 1,74 0.5,70 3.5,75
0.5,70 0.5,70 0.5,72 0.5,67 0.5,67 1,67 0.5,67 0.5,70 1.5,65 0.5,0
0.5,58 0.5,65 0.5,63 0.25,62 0.5,63 4,60 3,0
0.5,65 0.5,67 0.5,70 0.5,67 0.5,67 0.5,65 1,60 0.5,67 1.5,65 1.5,0
0.5,58 0.5,65 0.5,63 0.25,62 1.75,63 4,60
