0.5,74 0.5,69 0.5,71 1.5,74
0.5,71 0.25,78 0.25,79 0.25,78 0.25,79 0.5,78 0.5,74 0.5,69 0.5,74 0.5,69 0.5,71 1.5,74
0.5,71 0.25,78 0.25,79 0.25,78 0.25,79 0.5,78 0.5,74 0.5,69 0.5,71 0.5,64 0.5,67 1.5,76
0.5,71 0.5,76 0.5,76 0.5,76 0.5,74
0.5,71 1,74 0.5,71 0.5,71 0.5,69 0.5,67 1.5,69 1.5,0
0.5,74 0.5,69 0.5,71 1.5,74
0.5,71 0.25,78 0.25,79 0.25,78 0.25,79 0.5,78 0.5,74 0.5,69 0.5,74 0.5,69 0.5,71 1.5,74
0.5,71 0.25,78 0.25,79 0.25,78 0.25,79 0.5,78 0.5,74 0.5,69 0.5,71 0.5,64 0.5,67 1.5,76
0.5,71 0.5,76 0.5,76 0.5,76 0.5,74
0.5,71 1,74 0.5,71 0.5,71 0.5,69 0.5,67 1.5,69 1,0
0.5,67 0.5,71 0.5,70 0.5,71 0.5,71 0.5,69 0.5,71 1,71
0.5,76 0.5,76 0.5,71 0.5,71 0.5,74 0.5,76 0.25,76 0.25,76 0.5,76 0.5,74 0.5,71 1.5,72 1,0
0.5,71 0.5,74 0.5,74 0.5,74 0.5,74 0.5,79
0.5,76 0.5,74 1,74 0.5,74 0.5,79 0.5,81 0.5,78 2.5,78 1.5,0
0.5,74 0.5,76 0.5,74 0.5,79 0.5,81 0.5,78 0.5,79 0.5,81 0.5,78
0.5,79 0.5,81 0.5,78 0.5,79 0.5,81 0.5,78
0.5,79 0.5,79 0.5,79 0.5,79 0.5,74 0.5,76 1.5,76
0.5,76 0.5,79 0.5,76 0.5,83 0.5,82 0.5,83 0.5,83 0.5,81 0.5,83
0.5,83 0.5,82 0.5,83 0.5,83 0.5,76 0.5,79
0.5,78 0.5,78 0.5,78 0.5,78 0.5,76 0.5,74 1.5,74
0.5,71 0.5,72 0.5,74 0.5,79 0.5,81 0.5,78 0.5,79 0.5,81 0.5,78
0.5,79 0.5,81 0.5,78 0.5,79 0.5,81 0.5,78
0.5,79 0.5,79 0.5,79 0.5,79 0.5,74 0.5,76 1.5,76
0.5,76 0.5,79 0.5,76 0.5,83 0.5,82 0.5,83 0.5,83 0.5,81 0.5,83
0.5,83 0.5,82 0.5,83 0.5,83 0.5,76 0.5,79
0.5,78 0.5,78 0.5,78 0.5,78 0.5,76 0.5,74 1.5,74 0.5,0
1,74 0.5,71 3,71 3,0
0.5,74 0.5,69 0.5,71 1.5,74
0.5,71 0.25,78 0.25,79 0.25,78 0.25,79 0.5,78 0.5,74 0.5,69 0.5,74 0.5,69 0.5,71 1.5,74
0.5,71 0.25,78 0.25,79 0.25,78 0.25,79 0.5,78 0.5,74 0.5,69 0.5,71 0.5,64 0.5,67 1.5,76
0.5,71 0.5,76 0.5,76 0.5,76 0.5,74
0.5,71 1,74 0.5,71 0.5,71 0.5,69 0.5,67 1.5,69 1.5,0
0.5,74 0.5,69 0.5,71 1.5,74
0.5,71 0.25,78 0.25,79 0.25,78 0.25,79 0.5,78 0.5,74 0.5,69 0.5,74 0.5,69 0.5,71 1.5,74
0.5,71 0.25,78 0.25,79 0.25,78 0.25,79 0.5,78 0.5,74 0.5,69 0.5,71 0.5,64 0.5,67 1.5,76
0.5,71 0.5,76 0.5,76 0.5,76 0.5,74
0.5,71 1,74 0.5,71 0.5,71 0.5,69 0.5,67 1.5,69 1,0
0.5,67 0.5,71 0.5,70 0.5,71 0.5,71 0.5,69 0.5,71 1,71
0.5,76 0.5,76 0.5,71 0.5,71 0.5,74 0.5,76 0.25,76 0.25,76 0.5,76 0.5,74 0.5,71 1.5,72 1,0
0.5,71 0.5,74 0.5,74 0.5,74 0.5,74 0.5,79
0.5,76 0.5,74 1,74 0.5,74 0.5,79 0.5,81 0.5,78 2.5,78 1.5,0
0.5,74 0.5,76 0.5,74 0.5,79 0.5,81 0.5,78 0.5,79 0.5,81 0.5,78
0.5,79 0.5,81 0.5,78 0.5,79 0.5,81 0.5,78
0.5,79 0.5,79 0.5,79 0.5,79 0.5,74 0.5,76 1.5,76
0.5,76 0.5,79 0.5,76 0.5,83 0.5,82 0.5,83 0.5,83 0.5,81 0.5,83
0.5,83 0.5,82 0.5,83 0.5,83 0.5,76 0.5,79
0.5,78 0.5,78 0.5,78 0.5,78 0.5,76 0.5,74 1.5,74
0.5,71 0.5,72 0.5,74 0.5,79 0.5,81 0.5,78 0.5,79 0.5,81 0.5,78
0.5,79 0.5,81 0.5,78 0.5,79 0.5,81 0.5,78
0.5,79 0.5,79 0.5,79 0.5,79 0.5,74 0.5,76 1.5,76
0.5,76 0.5,79 0.5,76 0.5,83 0.5,82 0.5,83 0.5,83 0.5,81 0.5,83
0.5,83 0.5,82 0.5,83 0.5,83 0.5,76 0.5,79
0.5,78 0.5,78 0.5,78 0.5,78 0.5,76 0.5,74 3,74
0.5,74 0.5,76 0.5,74 0.5,79 0.5,81 0.5,79 0.5,79 0.5,81 0.5,79
0.5,79 0.5,81 0.5,79 0.5,79 0.5,81 0.5,79
0.5,79 0.5,79 0.5,79 0.5,79 0.5,74 0.5,76 1.5,76
0.5,76 0.5,79 0.5,76 0.5,83 0.5,82 0.5,83 0.5,83 0.5,81 0.5,83
0.5,83 0.5,82 0.5,83 0.5,83 0.5,76 0.5,79
0.5,78 0.5,78 0.5,78 0.5,78 0.5,76 0.5,74 1.5,74
0.5,71 0.5,72 0.5,74 0.5,79 0.5,81 0.5,79 0.5,79 0.5,81 0.5,79
0.5,79 0.5,81 0.5,79 0.5,79 0.5,81 0.5,79
0.5,79 0.5,79 0.5,79 0.5,79 0.5,74 0.5,76 1.5,76
0.5,76 0.5,79 0.5,76 0.5,83 0.5,82 0.5,83 0.5,83 0.5,81 0.5,83
0.5,83 0.5,82 0.5,83 0.5,83 0.5,76 0.5,79
0.5,78 0.5,78 0.5,78 0.5,78 0.5,76 0.5,74 0.5,76 1,74
0.5,74 0.5,76 0.5,74 0.5,79 0.5,81 0.5,78 0.5,79 0.5,81 0.5,78
0.5,79 0.5,81 0.5,78 0.5,79 0.5,81 0.5,78
0.5,79 0.5,79 0.5,79 0.5,79 0.5,74 0.5,76 1.5,76
0.5,76 0.5,79 0.5,76 0.5,83 0.5,82 0.5,83 0.5,83 0.5,81 0.5,83
0.5,83 0.5,82 0.5,83 0.5,83 0.5,76 0.5,79
0.5,78 0.5,78 0.5,78 0.5,78 0.5,76 0.5,74 1.5,74
0.5,71 0.5,72 0.5,74 0.5,79 0.5,81 0.5,78 0.5,79 0.5,81 0.5,78
0.5,79 0.5,81 0.5,78 0.5,79 0.5,81 0.5,78
0.5,79 0.5,79 0.5,79 0.5,79 0.5,74 0.5,76 1.5,76
0.5,76 0.5,79 0.5,76 0.5,83 0.5,82 0.5,83 0.5,83 0.5,81 0.5,83
0.5,83 0.5,82 0.5,83 0.5,83 0.5,76 0.5,79
0.5,78 0.5,78 0.5,78 0.5,78 0.5,76 0.5,74 1.5,74
