0.5,69 0.5,67 3,65 0.5,0
0.25,67 0.25,69 0.5,72 0.25,72 0.75,72 0.5,74 1,72 0.5,0
0.25,74 0.25,76 0.5,77 0.25,77 0.75,77 0.5,77 0.5,77 0.5,76 0.25,74 0.5,72 3.25,74
0.5,74 0.5,72 1.25,72 0.5,72 0.25,69 0.25,67 0.75,65
0.5,69 0.5,70 0.5,69 0.5,67 0.5,67 0.25,69 1.25,67
0.5,69 0.25,67 0.75,67 0.5,65 0.5,65 0.25,65 1.25,65
0.5,67 0.5,65 3,65
0.5,69 0.5,67 3,65 0.5,0 0.25,67 0.25,69 0.5,72 0.25,72 0.75,72 0.5,74 1,72 0.5,0
0.25,74 0.25,76 0.5,77 0.25,77 0.75,77 0.5,77 0.5,77 0.5,76 0.25,74 0.5,72 3.25,74
0.5,74 0.5,72 1.5,72 0.5,72 0.25,69 0.25,67 0.5,65 0.5,69 0.5,70 0.5,69 0.5,67 0.5,67 0.25,69 1.25,67
0.5,69 0.25,67 0.75,67 0.5,65 0.5,65 0.25,65 1.25,65 0.5,67 0.5,65 3,65 0.5,0
0.25,74 0.25,76 0.5,77 0.25,77 0.75,77 0.5,77 0.5,76 0.5,74 0.25,72 0.75,72 1,72 0.5,69 0.5,67 2,65 0.5,0
0.25,77 0.25,77 0.5,77 0.25,77 0.75,79 0.5,79 0.25,77 0.5,79 3,81 0.25,79 1,77 0.5,0
0.25,77 0.25,77 0.5,77 0.25,77 1.25,79 0.5,0 0.25,72 0.25,72 1,81 1,79 2,77 0.5,0
0.25,77 0.25,77 0.5,77 0.25,77 0.75,79 0.25,79 0.25,79 0.25,77 0.5,76 4.25,77
0.5,69 0.5,67 3,65 0.5,0
0.25,67 0.25,69 0.5,72 0.25,72 0.75,72 0.5,74 1,72 0.5,0
0.25,74 0.25,76 0.5,77 0.25,77 0.75,77 0.5,77 0.5,77 0.5,76 0.25,74 0.5,72 3.25,74
0.5,74 0.5,72 1.25,72 0.5,72 0.25,69 0.25,67 0.75,65
0.5,69 0.5,70 0.5,69 0.5,67 0.5,67 0.25,69 1.25,67
0.5,69 0.25,67 0.75,67 0.5,65 0.5,65 0.25,65 1.25,65
0.5,67 0.5,65 3,65 0.5,0
0.25,74 0.25,76 0.5,77 0.25,77 0.75,77 0.5,77 0.5,76 0.5,74 0.25,72 0.75,72 1,72 0.5,69 0.5,67 2,65 0.5,0
0.25,77 0.25,77 0.5,77 0.25,77 0.75,79 0.5,79 0.25,77 0.5,79 3,81 0.25,79 1,77 0.5,0
0.25,77 0.25,77 0.5,77 0.25,77 1.25,79 0.5,0 0.25,72 0.25,72 1,81 1,79 2,77 0.5,0
0.25,77 0.25,77 0.5,77 0.25,77 0.75,79 0.25,79 0.25,79 0.25,77 0.5,76 4.25,77
0.5,74 0.5,74 0.5,76 0.5,74 0.5,76 2,77 0.25,77 0.25,77 0.5,79 0.5,77 0.5,79 2,81
0.5,81 1.5,79 0.5,81 3,77 0.5,0
0.25,74 0.25,76 0.5,77 0.25,77 0.75,77 0.5,77 0.5,76 0.5,74 0.25,72 0.75,72 1,72 0.5,69 0.5,67 2,65 0.5,0
0.25,77 0.25,77 0.5,77 0.25,77 0.75,79 0.5,79 0.25,77 0.5,79 3,81 0.25,79 1,77 0.5,0
0.25,77 0.25,77 0.5,77 0.25,77 1.25,79 0.5,0 0.25,72 0.25,72 1,81 1,79 2,77 0.5,0
0.25,77 0.25,77 0.5,77 0.25,77 0.75,79 0.25,79 0.25,79 0.25,77 0.5,76 4.5,77
0.25,77 0.25,77 0.5,77 0.25,77 1.25,79 0.5,0 0.25,72 0.25,72 1,81 1,79 2,77 0.5,0
0.25,77 0.25,77 0.5,77 0.25,77 0.75,79 0.25,79 0.25,79 0.25,77 0.5,76 4.25,77
