0.5,74 0.25,74 0.75,74 0.25,76 0.25,78 2,74 0.5,71 0.25,79 0.75,81 0.25,76 0.25,78 2,74
0.5,76 0.25,74 0.75,72 0.5,76 0.5,74 0.25,71 1.25,67 0.5,72 1,71 0.5,74 2,69
0.5,71 0.25,71 0.75,71 0.5,79 2,79 0.5,81 0.25,79 0.75,78 0.25,79 0.25,81 2,74
0.5,71 1,79 0.25,81 0.25,79 0.75,78 0.25,76 1,74 0.5,76 0.25,76 0.25,74 0.25,76 0.25,79 0.5,71 2,69
0.5,74 0.25,74 0.75,74 0.25,76 0.25,78 2,74 0.5,71 0.25,79 0.75,81 0.25,76 0.25,78 2,74
0.5,76 0.25,74 0.75,72 0.5,76 0.5,74 0.25,71 1.25,67 0.5,72 1,71 0.25,71 0.25,74 2,69
0.5,71 0.25,71 0.75,71 0.5,79 2,79 0.5,81 0.25,79 0.75,78 0.5,81 2,74
0.5,71 1,79 0.25,81 0.25,79 0.75,78 0.25,76 1,74 0.5,76 0.25,76 0.25,74 0.75,76 0.25,79 2,81
0.5,74 0.25,83 0.75,83 0.5,84 1,81 0.25,0 0.25,76 0.25,76 0.25,78 0.75,81 0.25,79 0.5,78 0.25,76 0.25,78 1,74 0.5,0
0.25,71 0.25,74 0.5,79 0.25,79 0.75,81 0.5,79 0.5,78 0.25,76 0.75,74 0.25,67 0.25,69 2,71 2,0
0.5,76 0.25,76 0.5,76 0.5,83 0.25,81 1,81 0.5,0 0.25,83 0.25,81 0.75,79 0.25,79 0.5,79 0.25,78 0.25,79 1,76 0.5,0
0.25,74 0.25,74 0.5,76 0.25,83 0.75,81 0.5,79 0.5,0 0.25,79 0.25,79 0.75,79 0.25,76 4,81
0.5,74 0.25,83 0.75,83 0.25,83 0.25,84 1,81 0.25,0 0.25,76 0.25,76 0.25,78 0.75,81 0.25,79 0.5,78 0.25,76 0.25,78 1,74 0.5,0
0.25,71 0.25,74 0.5,79 0.25,79 0.75,81 0.5,79 0.5,78 0.25,76 0.75,74 0.25,67 0.25,69 2,71 2,0
0.5,76 0.25,76 0.5,76 0.5,83 0.25,81 1,81 0.5,0 0.25,83 0.25,81 0.75,79 0.25,79 0.5,79 0.25,78 0.25,79 1,76 0.5,0
0.25,74 0.25,74 0.5,76 0.25,83 0.75,81 0.5,79 0.5,0 0.25,76 0.25,79 0.25,81 0.25,83 0.5,81 0.5,81 1,76 0.25,81 0.25,79 1,79
0.5,74 0.25,74 0.75,74 0.25,76 0.25,78 2,74 0.5,71 0.25,79 0.75,81 0.25,76 0.25,78 2,74
0.5,76 0.25,74 0.75,72 0.5,76 0.5,74 0.25,71 1.25,67 0.5,72 1,71 0.25,71 0.25,74 2,69
0.5,71 0.25,71 0.75,71 0.5,79 2,79 0.5,81 0.25,79 0.75,78 0.5,81 2,74
0.5,71 1,79 0.25,81 0.25,79 0.75,78 0.25,76 1,74 0.5,76 0.25,76 0.25,74 0.75,76 0.25,79 2,81
0.5,74 0.25,83 0.75,83 0.25,83 0.25,84 1,81 0.25,0 0.25,76 0.25,76 0.25,78 0.75,81 0.25,79 0.5,78 0.25,76 0.25,78 1,74 0.5,0
0.25,71 0.25,74 0.5,79 0.25,79 0.75,81 0.5,79 0.5,78 0.25,76 0.75,74 0.25,67 0.25,69 2,71 2,0
0.5,76 0.25,76 0.5,76 0.5,83 0.25,81 1,81 0.5,0 0.25,83 0.25,81 0.75,79 0.25,79 0.5,79 0.25,78 0.25,79 1,76 0.5,0
0.25,74 0.25,74 0.5,76 0.25,83 0.75,81 0.5,79 0.5,0 0.25,79 0.25,79 0.75,79 0.25,76 4,81
0.5,74 0.25,83 0.75,83 0.25,83 0.25,84 1,81 0.25,0 0.25,76 0.25,76 0.25,78 0.75,81 0.25,79 0.5,78 0.25,76 0.25,78 1,74 0.5,0
0.25,71 0.25,74 0.5,79 0.25,79 0.75,81 0.5,79 0.5,78 0.25,76 0.75,74 0.25,67 0.25,69 2,71 2,0
0.5,76 0.25,76 0.5,76 0.5,83 0.25,81 1,81 0.5,0 0.25,83 0.25,81 0.75,79 0.25,79 0.5,79 0.25,78 0.25,79 1,76 0.5,0
0.25,74 0.25,74 0.5,76 0.25,83 0.75,81 0.5,79 0.5,0 0.25,76 0.25,79 0.25,81 0.25,83 0.5,81 0.5,81 1,76 0.25,81 0.25,79 1,79 0.5,0
0.25,74 0.25,74 0.5,76 0.25,83 0.75,81 0.5,79 0.5,0 0.25,76 0.25,79 0.25,81 0.25,83 0.5,81 0.5,81 2.5,76 0.5,0 0.25,81 0.25,79 3,79
