0.5,77 0.5,77 0.5,77 0.5,77 0.5,75 0.5,74 0.5,70 1,72 0.5,74 1,72
0.5,72 0.5,74 0.5,75 1.5,74 0.25,74 0.25,75 0.5,74 0.5,72 0.5,70 0.5,72 3,67
0.5,67 0.5,69 1,70 0.5,69 1,67 1,74 0.5,72 1,72 0.5,77 1,72 1,74 0.5,75 4,74 4.5,0
0.5,77 0.5,77 0.5,77 0.5,77 0.5,75 0.5,74 0.5,70 1,72 0.5,74 1,72
0.5,72 0.5,74 0.5,75 1.5,74 0.25,74 0.25,75 0.5,74 0.5,72 0.5,70 0.5,72 3,67
0.5,67 0.5,69 1,70 0.5,69 1,67 1,74 0.5,72 1,72 0.5,77 1,72 1.25,72 0.5,72 0.5,74 0.5,75 4.25,74
0.5,82 0.5,81 0.5,82 0.5,81 2,74 0.5,82 0.5,81 0.5,82 0.5,81 0.5,72 1.5,72 0.5,0
0.5,74 0.5,82 0.5,81 1,79 0.5,79 0.5,77 0.5,79 0.5,81 0.5,79 0.5,77 0.5,74 2.5,74
0.5,74 0.5,77 1,79 0.5,77 1,79 1,74 3.5,77 0.5,79 0.5,81 1,82 0.5,81 1,79 1,86 0.5,84 2,84
0.5,82 0.5,81 0.5,82 0.5,81 2,74 0.5,82 0.5,81 0.5,82 0.5,81 0.5,72 2,72
0.5,74 0.5,82 0.5,81 1,79 0.5,79 0.5,77 0.5,79 0.5,81 0.5,79 0.5,77 0.5,74 2.5,74
0.5,74 0.5,77 1,79 0.5,77 1,79 1,74 3.25,77 0.5,79 0.5,81 1,82 0.5,81 1,79 1.25,86 2.25,84
0.5,82 0.5,81 0.5,79 1,77 3.5,79
0.5,77 0.5,77 0.5,77 0.5,77 0.5,75 0.5,74 0.5,70 1,72 0.5,74 1,72
0.5,72 0.5,74 0.5,75 1.5,74 0.25,74 0.25,75 0.5,74 0.5,72 0.5,70 0.5,72 3,67
0.5,67 0.5,69 1,70 0.5,69 1,67 1,74 0.5,72 1,72 0.5,77 1,72 1.25,72 0.5,72 0.5,74 0.5,75 4.5,74
0.5,82 0.5,81 0.5,82 0.5,81 2,74 0.5,82 0.5,81 0.5,82 0.5,81 0.5,72 1.5,72 0.5,0
0.5,74 0.5,82 0.5,81 1,79 0.5,79 0.5,77 0.5,79 0.5,81 0.5,79 0.5,77 0.5,74 2.5,74
0.5,74 0.5,77 1,79 0.5,77 1,79 1,74 3.5,77 0.5,79 0.5,81 1,82 0.5,81 1,79 1,86 0.5,84 2,84
0.5,82 0.5,81 0.5,82 0.5,81 2,74 0.5,82 0.5,81 0.5,82 0.5,81 0.5,72 2,72
0.5,74 0.5,82 0.5,81 1,79 0.5,79 0.5,77 0.5,79 0.5,81 0.5,79 0.5,77 0.5,74 2.5,74
0.5,74 0.5,77 1,79 0.5,77 1,79 1,74 3.25,77 0.5,79 0.5,81 1,82 0.5,81 1,79 1,86 0.5,84 2,84
0.5,82 0.5,81 0.5,79 1,77 4.5,79
0.5,82 0.5,81 0.5,82 0.5,81 2,74 0.5,82 0.5,81 0.5,82 0.5,81 0.5,72 1.5,72 0.5,0
0.5,74 0.5,82 0.5,81 1,79 0.5,79 0.5,77 0.5,79 0.5,81 0.5,79 0.5,77 0.5,74 2.5,74
0.5,74 0.5,77 1,79 0.5,77 1,79 1,74 3.5,77 0.5,79 0.5,81 1,82 0.5,81 1,79 1,86 0.5,84 2,84
0.5,82 0.5,81 0.5,82 0.5,81 2,74 0.5,82 0.5,81 0.5,82 0.5,81 0.5,72 2,72
0.5,74 0.5,82 0.5,81 1,79 0.5,79 0.5,77 0.5,79 0.5,81 0.5,79 0.5,77 0.5,74 2.5,74
0.5,74 0.5,77 1,79 0.5,77 1,79 1,74 3.25,77 0.5,79 0.5,81 1,82 0.5,81 1,79 1,86 0.5,84 2,84
0.5,82 0.5,81 0.5,79 1,77 3.5,79
